23
0 0 0 0 0 0 0 0 0 0 0 0 0 0 0 0 0 0 0 0 0 0 0 
0 0 0 0 0 0 0 0 0 0 0 0 0 0 0 0 0 0 0 0 0 0 0 
0 0 0 0 0 0 0 0 0 0 0 0 0 0 0 0 0 0 0 0 0 0 0 
0 0 0 0 0 0 0 0 0 0 0 0 0 0 0 0 0 0 0 0 0 0 0 
0 0 0 0 0 0 0 0 0 0 0 0 0 0 0 0 0 0 0 0 0 0 0 
0 0 0 0 0 0 0 0 0 0 0 0 0 0 0 0 0 0 0 0 0 0 0 
0 0 0 0 0 0 0 0 0 0 0 0 0 0 0 0 0 0 0 0 0 0 0 
0 0 0 0 0 0 0 0 0 0 0 0 0 0 0 0 0 0 0 0 0 0 0 
0 0 0 0 0 0 0 0 0 0 0 0 0 0 0 0 0 0 0 0 0 0 0 
0 0 0 0 0 0 0 0 0 0 0 0 0 0 0 0 0 0 0 0 0 0 0 
0 0 0 0 0 0 0 0 0 0 0 930 0 0 0 0 0 0 0 0 0 0 0 
0 0 0 0 0 0 0 0 0 0 930 0 930 0 0 0 0 0 0 0 0 0 0 
0 0 0 0 0 0 0 0 0 0 0 930 0 0 0 0 0 0 0 0 0 0 0 
0 0 0 0 0 0 0 0 0 0 0 0 0 0 0 0 0 0 0 0 0 0 0 
0 0 0 0 0 0 0 0 0 0 0 0 0 0 0 0 0 0 0 0 0 0 0 
0 0 0 0 0 0 0 0 0 0 0 0 0 0 0 0 0 0 0 0 0 0 0 
0 0 0 0 0 0 0 0 0 0 0 0 0 0 0 0 0 0 0 0 0 0 0 
0 0 0 0 0 0 0 0 0 0 0 0 0 0 0 0 0 0 0 0 0 0 0 
0 0 0 0 0 0 0 0 0 0 0 0 0 0 0 0 0 0 0 0 0 0 0 
0 0 0 0 0 0 0 0 0 0 0 0 0 0 0 0 0 0 0 0 0 0 0 
0 0 0 0 0 0 0 0 0 0 0 0 0 0 0 0 0 0 0 0 0 0 0 
0 0 0 0 0 0 0 0 0 0 0 0 0 0 0 0 0 0 0 0 0 0 0 
0 0 0 0 0 0 0 0 0 0 0 0 0 0 0 0 0 0 0 0 0 0 0 
0 0 0 0 0 0 0 0 0 0 0 0 0 0 0 0 0 0 0 0 0 0 0 
0 0 0 0 0 0 0 0 0 0 0 0 0 0 0 0 0 0 0 0 0 0 0 
0 0 0 0 0 0 0 0 0 0 0 0 0 0 0 0 0 0 0 0 0 0 0 
0 0 0 0 0 0 0 0 0 0 0 0 0 0 0 0 0 0 0 0 0 0 0 
0 0 0 0 0 0 0 0 0 0 0 0 0 0 0 0 0 0 0 0 0 0 0 
0 0 0 0 0 0 0 0 0 0 0 0 0 0 0 0 0 0 0 0 0 0 0 
0 0 0 0 0 0 0 0 0 0 0 0 0 0 0 0 0 0 0 0 0 0 0 
0 0 0 0 0 0 0 0 0 0 0 0 0 0 0 0 0 0 0 0 0 0 0 
0 0 0 0 0 0 0 0 0 0 0 0 0 0 0 0 0 0 0 0 0 0 0 
0 0 0 0 0 0 0 0 0 0 0 0 0 0 0 0 0 0 0 0 0 0 0 
0 0 0 0 0 0 0 0 0 0 674.25 0 674.25 0 0 0 0 0 0 0 0 0 0 
0 0 0 0 0 0 0 0 0 674.25 0 0 0 674.25 0 0 0 0 0 0 0 0 0 
0 0 0 0 0 0 0 0 0 0 674.25 0 674.25 0 0 0 0 0 0 0 0 0 0 
0 0 0 0 0 0 0 0 0 0 0 674.25 0 0 0 0 0 0 0 0 0 0 0 
0 0 0 0 0 0 0 0 0 0 0 0 0 0 0 0 0 0 0 0 0 0 0 
0 0 0 0 0 0 0 0 0 0 0 0 0 0 0 0 0 0 0 0 0 0 0 
0 0 0 0 0 0 0 0 0 0 0 0 0 0 0 0 0 0 0 0 0 0 0 
0 0 0 0 0 0 0 0 0 0 0 0 0 0 0 0 0 0 0 0 0 0 0 
0 0 0 0 0 0 0 0 0 0 0 0 0 0 0 0 0 0 0 0 0 0 0 
0 0 0 0 0 0 0 0 0 0 0 0 0 0 0 0 0 0 0 0 0 0 0 
0 0 0 0 0 0 0 0 0 0 0 0 0 0 0 0 0 0 0 0 0 0 0 
0 0 0 0 0 0 0 0 0 0 0 0 0 0 0 0 0 0 0 0 0 0 0 
0 0 0 0 0 0 0 0 0 0 0 0 0 0 0 0 0 0 0 0 0 0 0 
0 0 0 0 0 0 0 0 0 0 0 0 0 0 0 0 0 0 0 0 0 0 0 
0 0 0 0 0 0 0 0 0 0 0 0 0 0 0 0 0 0 0 0 0 0 0 
0 0 0 0 0 0 0 0 0 0 0 0 0 0 0 0 0 0 0 0 0 0 0 
0 0 0 0 0 0 0 0 0 0 0 0 0 0 0 0 0 0 0 0 0 0 0 
0 0 0 0 0 0 0 0 0 0 0 0 0 0 0 0 0 0 0 0 0 0 0 
0 0 0 0 0 0 0 0 0 0 0 0 0 0 0 0 0 0 0 0 0 0 0 
0 0 0 0 0 0 0 0 0 0 0 0 0 0 0 0 0 0 0 0 0 0 0 
0 0 0 0 0 0 0 0 0 0 0 0 0 0 0 0 0 0 0 0 0 0 0 
0 0 0 0 0 0 0 0 0 0 0 0 0 0 0 0 0 0 0 0 0 0 0 
0 0 0 0 0 0 0 0 0 0 0 0 0 0 0 0 0 0 0 0 0 0 0 
0 0 0 0 0 0 0 0 0 489.18 0 0 0 489.18 0 0 0 0 0 0 0 0 0 
0 0 0 0 0 0 0 0 489.18 0 735.63 0 735.63 0 489.18 0 0 0 0 0 0 0 0 
0 0 0 0 0 0 0 0 0 735.63 0 735.63 0 735.63 0 0 0 0 0 0 0 0 0 
0 0 0 0 0 0 0 0 0 0 735.63 0 735.63 0 0 0 0 0 0 0 0 0 0 
0 0 0 0 0 0 0 0 0 0 0 489.18 0 0 0 0 0 0 0 0 0 0 0 
0 0 0 0 0 0 0 0 0 0 0 0 0 0 0 0 0 0 0 0 0 0 0 
0 0 0 0 0 0 0 0 0 0 0 0 0 0 0 0 0 0 0 0 0 0 0 
0 0 0 0 0 0 0 0 0 0 0 0 0 0 0 0 0 0 0 0 0 0 0 
0 0 0 0 0 0 0 0 0 0 0 0 0 0 0 0 0 0 0 0 0 0 0 
0 0 0 0 0 0 0 0 0 0 0 0 0 0 0 0 0 0 0 0 0 0 0 
0 0 0 0 0 0 0 0 0 0 0 0 0 0 0 0 0 0 0 0 0 0 0 
0 0 0 0 0 0 0 0 0 0 0 0 0 0 0 0 0 0 0 0 0 0 0 
0 0 0 0 0 0 0 0 0 0 0 0 0 0 0 0 0 0 0 0 0 0 0 
0 0 0 0 0 0 0 0 0 0 0 0 0 0 0 0 0 0 0 0 0 0 0 
0 0 0 0 0 0 0 0 0 0 0 0 0 0 0 0 0 0 0 0 0 0 0 
0 0 0 0 0 0 0 0 0 0 0 0 0 0 0 0 0 0 0 0 0 0 0 
0 0 0 0 0 0 0 0 0 0 0 0 0 0 0 0 0 0 0 0 0 0 0 
0 0 0 0 0 0 0 0 0 0 0 0 0 0 0 0 0 0 0 0 0 0 0 
0 0 0 0 0 0 0 0 0 0 0 0 0 0 0 0 0 0 0 0 0 0 0 
0 0 0 0 0 0 0 0 0 0 0 0 0 0 0 0 0 0 0 0 0 0 0 
0 0 0 0 0 0 0 0 0 0 0 0 0 0 0 0 0 0 0 0 0 0 0 
0 0 0 0 0 0 0 0 0 0 0 0 0 0 0 0 0 0 0 0 0 0 0 
0 0 0 0 0 0 0 0 0 0 0 0 0 0 0 0 0 0 0 0 0 0 0 
0 0 0 0 0 0 0 0 355.26 0 0 0 0 0 355.26 0 0 0 0 0 0 0 0 
0 0 0 0 0 0 0 355.26 0 681.69 0 0 0 681.69 0 355.26 0 0 0 0 0 0 0 
0 0 0 0 0 0 0 0 681.69 0 681.69 0 681.69 0 681.69 0 0 0 0 0 0 0 0 
0 0 0 0 0 0 0 0 0 681.69 0 681.69 0 681.69 0 0 0 0 0 0 0 0 0 
0 0 0 0 0 0 0 0 0 0 681.69 0 681.69 0 0 0 0 0 0 0 0 0 0 
0 0 0 0 0 0 0 0 0 0 0 355.26 0 0 0 0 0 0 0 0 0 0 0 
0 0 0 0 0 0 0 0 0 0 0 0 0 0 0 0 0 0 0 0 0 0 0 
0 0 0 0 0 0 0 0 0 0 0 0 0 0 0 0 0 0 0 0 0 0 0 
0 0 0 0 0 0 0 0 0 0 0 0 0 0 0 0 0 0 0 0 0 0 0 
0 0 0 0 0 0 0 0 0 0 0 0 0 0 0 0 0 0 0 0 0 0 0 
0 0 0 0 0 0 0 0 0 0 0 0 0 0 0 0 0 0 0 0 0 0 0 
0 0 0 0 0 0 0 0 0 0 0 0 0 0 0 0 0 0 0 0 0 0 0 
0 0 0 0 0 0 0 0 0 0 0 0 0 0 0 0 0 0 0 0 0 0 0 
0 0 0 0 0 0 0 0 0 0 0 0 0 0 0 0 0 0 0 0 0 0 0 
0 0 0 0 0 0 0 0 0 0 0 0 0 0 0 0 0 0 0 0 0 0 0 
0 0 0 0 0 0 0 0 0 0 0 0 0 0 0 0 0 0 0 0 0 0 0 
0 0 0 0 0 0 0 0 0 0 0 0 0 0 0 0 0 0 0 0 0 0 0 
0 0 0 0 0 0 0 0 0 0 0 0 0 0 0 0 0 0 0 0 0 0 0 
0 0 0 0 0 0 0 0 0 0 0 0 0 0 0 0 0 0 0 0 0 0 0 
0 0 0 0 0 0 0 0 0 0 0 0 0 0 0 0 0 0 0 0 0 0 0 
0 0 0 0 0 0 0 0 0 0 0 0 0 0 0 0 0 0 0 0 0 0 0 
0 0 0 0 0 0 0 0 0 0 0 0 0 0 0 0 0 0 0 0 0 0 0 
0 0 0 0 0 0 0 0 0 0 0 0 0 0 0 0 0 0 0 0 0 0 0 
0 0 0 0 0 0 0 257.61 0 0 0 0 0 0 0 257.61 0 0 0 0 0 0 0 
0 0 0 0 0 0 257.61 0 593.34 0 744 0 744 0 593.34 0 257.61 0 0 0 0 0 0 
0 0 0 0 0 0 0 593.34 0 744 0 744 0 744 0 593.34 0 0 0 0 0 0 0 
0 0 0 0 0 0 0 0 744 0 744 0 744 0 744 0 0 0 0 0 0 0 0 
0 0 0 0 0 0 0 0 0 744 0 593.34 0 744 0 0 0 0 0 0 0 0 0 
0 0 0 0 0 0 0 0 0 0 593.34 0 593.34 0 0 0 0 0 0 0 0 0 0 
0 0 0 0 0 0 0 0 0 0 0 257.61 0 0 0 0 0 0 0 0 0 0 0 
0 0 0 0 0 0 0 0 0 0 0 0 0 0 0 0 0 0 0 0 0 0 0 
0 0 0 0 0 0 0 0 0 0 0 0 0 0 0 0 0 0 0 0 0 0 0 
0 0 0 0 0 0 0 0 0 0 0 0 0 0 0 0 0 0 0 0 0 0 0 
0 0 0 0 0 0 0 0 0 0 0 0 0 0 0 0 0 0 0 0 0 0 0 
0 0 0 0 0 0 0 0 0 0 0 0 0 0 0 0 0 0 0 0 0 0 0 
0 0 0 0 0 0 0 0 0 0 0 0 0 0 0 0 0 0 0 0 0 0 0 
0 0 0 0 0 0 0 0 0 0 0 0 0 0 0 0 0 0 0 0 0 0 0 
0 0 0 0 0 0 0 0 0 0 0 0 0 0 0 0 0 0 0 0 0 0 0 
0 0 0 0 0 0 0 0 0 0 0 0 0 0 0 0 0 0 0 0 0 0 0 
0 0 0 0 0 0 0 0 0 0 0 0 0 0 0 0 0 0 0 0 0 0 0 
0 0 0 0 0 0 0 0 0 0 0 0 0 0 0 0 0 0 0 0 0 0 0 
0 0 0 0 0 0 0 0 0 0 0 0 0 0 0 0 0 0 0 0 0 0 0 
0 0 0 0 0 0 0 0 0 0 0 0 0 0 0 0 0 0 0 0 0 0 0 
0 0 0 0 0 0 0 0 0 0 0 0 0 0 0 0 0 0 0 0 0 0 0 
0 0 0 0 0 0 0 0 0 0 0 0 0 0 0 0 0 0 0 0 0 0 0 
0 0 0 0 0 0 0 0 0 0 0 0 0 0 0 0 0 0 0 0 0 0 0 
0 0 0 0 0 0 186.93 0 0 0 0 0 0 0 0 0 186.93 0 0 0 0 0 0 
0 0 0 0 0 186.93 0 499.41 0 466.86 0 0 0 585.9 0 499.41 0 186.93 0 0 0 0 0 
0 0 0 0 0 0 499.41 0 734.7 0 585.9 0 585.9 0 734.7 0 499.41 0 0 0 0 0 0 
0 0 0 0 0 0 0 734.7 0 734.7 0 585.9 0 734.7 0 734.7 0 0 0 0 0 0 0 
0 0 0 0 0 0 0 0 734.7 0 734.7 0 734.7 0 734.7 0 0 0 0 0 0 0 0 
0 0 0 0 0 0 0 0 0 734.7 0 499.41 0 734.7 0 0 0 0 0 0 0 0 0 
0 0 0 0 0 0 0 0 0 0 499.41 0 499.41 0 0 0 0 0 0 0 0 0 0 
0 0 0 0 0 0 0 0 0 0 0 186.93 0 0 0 0 0 0 0 0 0 0 0 
0 0 0 0 0 0 0 0 0 0 0 0 0 0 0 0 0 0 0 0 0 0 0 
0 0 0 0 0 0 0 0 0 0 0 0 0 0 0 0 0 0 0 0 0 0 0 
0 0 0 0 0 0 0 0 0 0 0 0 0 0 0 0 0 0 0 0 0 0 0 
0 0 0 0 0 0 0 0 0 0 0 0 0 0 0 0 0 0 0 0 0 0 0 
0 0 0 0 0 0 0 0 0 0 0 0 0 0 0 0 0 0 0 0 0 0 0 
0 0 0 0 0 0 0 0 0 0 0 0 0 0 0 0 0 0 0 0 0 0 0 
0 0 0 0 0 0 0 0 0 0 0 0 0 0 0 0 0 0 0 0 0 0 0 
0 0 0 0 0 0 0 0 0 0 0 0 0 0 0 0 0 0 0 0 0 0 0 
0 0 0 0 0 0 0 0 0 0 0 0 0 0 0 0 0 0 0 0 0 0 0 
0 0 0 0 0 0 0 0 0 0 0 0 0 0 0 0 0 0 0 0 0 0 0 
0 0 0 0 0 0 0 0 0 0 0 0 0 0 0 0 0 0 0 0 0 0 0 
0 0 0 0 0 0 0 0 0 0 0 0 0 0 0 0 0 0 0 0 0 0 0 
0 0 0 0 0 0 0 0 0 0 0 0 0 0 0 0 0 0 0 0 0 0 0 
0 0 0 0 0 0 0 0 0 0 0 0 0 0 0 0 0 0 0 0 0 0 0 
0 0 0 0 0 0 0 0 0 0 0 0 0 0 0 0 0 0 0 0 0 0 0 
0 0 0 0 0 135.78 0 0 0 0 0 0 0 0 0 0 0 135.78 0 0 0 0 0 
0 0 0 0 135.78 0 411.99 0 567.3 0 578.46 0 639.84 0 571.02 0 411.99 0 135.78 0 0 0 0 
0 0 0 0 0 411.99 0 685.41 0 578.46 0 639.84 0 639.84 0 685.41 0 411.99 0 0 0 0 0 
0 0 0 0 0 0 685.41 0 801.66 0 578.46 0 639.84 0 801.66 0 685.41 0 0 0 0 0 0 
0 0 0 0 0 0 0 801.66 0 801.66 0 571.02 0 801.66 0 801.66 0 0 0 0 0 0 0 
0 0 0 0 0 0 0 0 801.66 0 685.41 0 685.41 0 801.66 0 0 0 0 0 0 0 0 
0 0 0 0 0 0 0 0 0 685.41 0 411.99 0 685.41 0 0 0 0 0 0 0 0 0 
0 0 0 0 0 0 0 0 0 0 411.99 0 411.99 0 0 0 0 0 0 0 0 0 0 
0 0 0 0 0 0 0 0 0 0 0 135.78 0 0 0 0 0 0 0 0 0 0 0 
0 0 0 0 0 0 0 0 0 0 0 0 0 0 0 0 0 0 0 0 0 0 0 
0 0 0 0 0 0 0 0 0 0 0 0 0 0 0 0 0 0 0 0 0 0 0 
0 0 0 0 0 0 0 0 0 0 0 0 0 0 0 0 0 0 0 0 0 0 0 
0 0 0 0 0 0 0 0 0 0 0 0 0 0 0 0 0 0 0 0 0 0 0 
0 0 0 0 0 0 0 0 0 0 0 0 0 0 0 0 0 0 0 0 0 0 0 
0 0 0 0 0 0 0 0 0 0 0 0 0 0 0 0 0 0 0 0 0 0 0 
0 0 0 0 0 0 0 0 0 0 0 0 0 0 0 0 0 0 0 0 0 0 0 
0 0 0 0 0 0 0 0 0 0 0 0 0 0 0 0 0 0 0 0 0 0 0 
0 0 0 0 0 0 0 0 0 0 0 0 0 0 0 0 0 0 0 0 0 0 0 
0 0 0 0 0 0 0 0 0 0 0 0 0 0 0 0 0 0 0 0 0 0 0 
0 0 0 0 0 0 0 0 0 0 0 0 0 0 0 0 0 0 0 0 0 0 0 
0 0 0 0 0 0 0 0 0 0 0 0 0 0 0 0 0 0 0 0 0 0 0 
0 0 0 0 0 0 0 0 0 0 0 0 0 0 0 0 0 0 0 0 0 0 0 
0 0 0 0 0 0 0 0 0 0 0 0 0 0 0 0 0 0 0 0 0 0 0 
0 0 0 0 98.58 0 0 0 0 0 0 0 0 0 0 0 0 0 98.58 0 0 0 0 
0 0 0 98.58 0 334.8 0 394.32 0 114.39 0 39.99 0 136.71 0 543.12 0 334.8 0 98.58 0 0 0 
0 0 0 0 334.8 0 617.52 0 394.32 0 116.25 0 136.71 0 1547.52 0 617.52 0 334.8 0 0 0 0 
0 0 0 0 0 617.52 0 813.75 0 372.93 0 136.71 0 1547.52 0 1547.52 0 617.52 0 0 0 0 0 
0 0 0 0 0 0 813.75 0 813.75 0 543.12 0 543.12 0 1547.52 0 813.75 0 0 0 0 0 0 
0 0 0 0 0 0 0 813.75 0 813.75 0 543.12 0 813.75 0 813.75 0 0 0 0 0 0 0 
0 0 0 0 0 0 0 0 813.75 0 617.52 0 617.52 0 813.75 0 0 0 0 0 0 0 0 
0 0 0 0 0 0 0 0 0 617.52 0 334.8 0 617.52 0 0 0 0 0 0 0 0 0 
0 0 0 0 0 0 0 0 0 0 334.8 0 334.8 0 0 0 0 0 0 0 0 0 0 
0 0 0 0 0 0 0 0 0 0 0 98.58 0 0 0 0 0 0 0 0 0 0 0 
0 0 0 0 0 0 0 0 0 0 0 0 0 0 0 0 0 0 0 0 0 0 0 
0 0 0 0 0 0 0 0 0 0 0 0 0 0 0 0 0 0 0 0 0 0 0 
0 0 0 0 0 0 0 0 0 0 0 0 0 0 0 0 0 0 0 0 0 0 0 
0 0 0 0 0 0 0 0 0 0 0 0 0 0 0 0 0 0 0 0 0 0 0 
0 0 0 0 0 0 0 0 0 0 0 0 0 0 0 0 0 0 0 0 0 0 0 
0 0 0 0 0 0 0 0 0 0 0 0 0 0 0 0 0 0 0 0 0 0 0 
0 0 0 0 0 0 0 0 0 0 0 0 0 0 0 0 0 0 0 0 0 0 0 
0 0 0 0 0 0 0 0 0 0 0 0 0 0 0 0 0 0 0 0 0 0 0 
0 0 0 0 0 0 0 0 0 0 0 0 0 0 0 0 0 0 0 0 0 0 0 
0 0 0 0 0 0 0 0 0 0 0 0 0 0 0 0 0 0 0 0 0 0 0 
0 0 0 0 0 0 0 0 0 0 0 0 0 0 0 0 0 0 0 0 0 0 0 
0 0 0 0 0 0 0 0 0 0 0 0 0 0 0 0 0 0 0 0 0 0 0 
0 0 0 0 0 0 0 0 0 0 0 0 0 0 0 0 0 0 0 0 0 0 0 
0 0 0 71.61 0 0 0 0 0 0 0 0 0 0 0 0 0 0 0 71.61 0 0 0 
0 0 71.61 0 269.7 0 406.41 0 359.91 0 106.95 0 38.13 0 310.62 0 503.13 0 269.7 0 71.61 0 0 
0 0 0 269.7 0 542.19 0 406.41 0 359.91 0 106.95 0 1089.03 0 503.13 0 542.19 0 269.7 0 0 0 
0 0 0 0 542.19 0 788.64 0 359.91 0 461.28 0 1089.03 0 1089.03 0 788.64 0 542.19 0 0 0 0 
0 0 0 0 0 788.64 0 888.15 0 461.28 0 461.28 0 1089.03 0 888.15 0 788.64 0 0 0 0 0 
0 0 0 0 0 0 888.15 0 888.15 0 503.13 0 503.13 0 888.15 0 888.15 0 0 0 0 0 0 
0 0 0 0 0 0 0 888.15 0 788.64 0 503.13 0 788.64 0 888.15 0 0 0 0 0 0 0 
0 0 0 0 0 0 0 0 788.64 0 542.19 0 542.19 0 788.64 0 0 0 0 0 0 0 0 
0 0 0 0 0 0 0 0 0 542.19 0 269.7 0 542.19 0 0 0 0 0 0 0 0 0 
0 0 0 0 0 0 0 0 0 0 269.7 0 269.7 0 0 0 0 0 0 0 0 0 0 
0 0 0 0 0 0 0 0 0 0 0 71.61 0 0 0 0 0 0 0 0 0 0 0 
0 0 0 0 0 0 0 0 0 0 0 0 0 0 0 0 0 0 0 0 0 0 0 
0 0 0 0 0 0 0 0 0 0 0 0 0 0 0 0 0 0 0 0 0 0 0 
0 0 0 0 0 0 0 0 0 0 0 0 0 0 0 0 0 0 0 0 0 0 0 
0 0 0 0 0 0 0 0 0 0 0 0 0 0 0 0 0 0 0 0 0 0 0 
0 0 0 0 0 0 0 0 0 0 0 0 0 0 0 0 0 0 0 0 0 0 0 
0 0 0 0 0 0 0 0 0 0 0 0 0 0 0 0 0 0 0 0 0 0 0 
0 0 0 0 0 0 0 0 0 0 0 0 0 0 0 0 0 0 0 0 0 0 0 
0 0 0 0 0 0 0 0 0 0 0 0 0 0 0 0 0 0 0 0 0 0 0 
0 0 0 0 0 0 0 0 0 0 0 0 0 0 0 0 0 0 0 0 0 0 0 
0 0 0 0 0 0 0 0 0 0 0 0 0 0 0 0 0 0 0 0 0 0 0 
0 0 0 0 0 0 0 0 0 0 0 0 0 0 0 0 0 0 0 0 0 0 0 
0 0 0 0 0 0 0 0 0 0 0 0 0 0 0 0 0 0 0 0 0 0 0 
0 0 52.08 0 0 0 0 0 0 0 0 0 0 0 0 0 0 0 0 0 52.08 0 0 
0 52.08 0 215.76 0 286.44 0 187.86 0 248.31 0 59.52 0 106.02 0 155.31 0 455.7 0 215.76 0 52.08 0 
0 0 215.76 0 467.79 0 286.44 0 248.31 0 248.31 0 969.06 0 209.25 0 592.41 0 467.79 0 215.76 0 0 
0 0 0 467.79 0 738.42 0 282.72 0 248.31 0 969.06 0 969.06 0 592.41 0 738.42 0 467.79 0 0 0 
0 0 0 0 738.42 0 916.98 0 253.89 0 470.58 0 969.06 0 4701.15 0 916.98 0 738.42 0 0 0 0 
0 0 0 0 0 916.98 0 916.98 0 470.58 0 833.28 0 4701.15 0 4701.15 0 916.98 0 0 0 0 0 
0 0 0 0 0 0 916.98 0 916.98 0 470.58 0 833.28 0 4701.15 0 916.98 0 0 0 0 0 0 
0 0 0 0 0 0 0 916.98 0 738.42 0 455.7 0 738.42 0 916.98 0 0 0 0 0 0 0 
0 0 0 0 0 0 0 0 738.42 0 467.79 0 467.79 0 738.42 0 0 0 0 0 0 0 0 
0 0 0 0 0 0 0 0 0 467.79 0 215.76 0 467.79 0 0 0 0 0 0 0 0 0 
0 0 0 0 0 0 0 0 0 0 215.76 0 215.76 0 0 0 0 0 0 0 0 0 0 
0 0 0 0 0 0 0 0 0 0 0 52.08 0 0 0 0 0 0 0 0 0 0 0 
0 0 0 0 0 0 0 0 0 0 0 0 0 0 0 0 0 0 0 0 0 0 0 
0 0 0 0 0 0 0 0 0 0 0 0 0 0 0 0 0 0 0 0 0 0 0 
0 0 0 0 0 0 0 0 0 0 0 0 0 0 0 0 0 0 0 0 0 0 0 
0 0 0 0 0 0 0 0 0 0 0 0 0 0 0 0 0 0 0 0 0 0 0 
0 0 0 0 0 0 0 0 0 0 0 0 0 0 0 0 0 0 0 0 0 0 0 
0 0 0 0 0 0 0 0 0 0 0 0 0 0 0 0 0 0 0 0 0 0 0 
0 0 0 0 0 0 0 0 0 0 0 0 0 0 0 0 0 0 0 0 0 0 0 
0 0 0 0 0 0 0 0 0 0 0 0 0 0 0 0 0 0 0 0 0 0 0 
0 0 0 0 0 0 0 0 0 0 0 0 0 0 0 0 0 0 0 0 0 0 0 
0 0 0 0 0 0 0 0 0 0 0 0 0 0 0 0 0 0 0 0 0 0 0 
0 0 0 0 0 0 0 0 0 0 0 0 0 0 0 0 0 0 0 0 0 0 0 
0 38.13 0 0 0 0 0 0 0 0 0 0 0 0 0 0 0 0 0 0 0 38.13 0 
38.13 0 171.12 0 275.28 0 231.57 0 47.43 0 191.58 0 420.36 0 113.46 0 174.84 0 405.48 0 171.12 0 38.13 
0 171.12 0 398.04 0 275.28 0 231.57 0 191.58 0 624.03 0 420.36 0 219.48 0 405.48 0 405.48 0 171.12 0 
0 0 398.04 0 675.18 0 248.31 0 117.18 0 624.03 0 624.03 0 912.33 0 1857.21 0 675.18 0 398.04 0 0 
0 0 0 675.18 0 908.61 0 248.31 0 250.17 0 624.03 0 3037.38 0 1857.21 0 1857.21 0 675.18 0 0 0 
0 0 0 0 908.61 0 1000.68 0 216.69 0 280.86 0 3037.38 0 3125.73 0 1857.21 0 908.61 0 0 0 0 
0 0 0 0 0 1000.68 0 1000.68 0 216.69 0 298.53 0 3125.73 0 3125.73 0 1000.68 0 0 0 0 0 
0 0 0 0 0 0 1000.68 0 908.61 0 405.48 0 405.48 0 3125.73 0 1000.68 0 0 0 0 0 0 
0 0 0 0 0 0 0 908.61 0 675.18 0 405.48 0 675.18 0 908.61 0 0 0 0 0 0 0 
0 0 0 0 0 0 0 0 675.18 0 405.48 0 405.48 0 675.18 0 0 0 0 0 0 0 0 
0 0 0 0 0 0 0 0 0 398.04 0 171.12 0 398.04 0 0 0 0 0 0 0 0 0 
0 0 0 0 0 0 0 0 0 0 171.12 0 171.12 0 0 0 0 0 0 0 0 0 0 
0 0 0 0 0 0 0 0 0 0 0 38.13 0 0 0 0 0 0 0 0 0 0 0 
0 0 0 0 0 0 0 0 0 0 0 0 0 0 0 0 0 0 0 0 0 0 0 
0 0 0 0 0 0 0 0 0 0 0 0 0 0 0 0 0 0 0 0 0 0 0 
0 0 0 0 0 0 0 0 0 0 0 0 0 0 0 0 0 0 0 0 0 0 0 
0 0 0 0 0 0 0 0 0 0 0 0 0 0 0 0 0 0 0 0 0 0 0 
0 0 0 0 0 0 0 0 0 0 0 0 0 0 0 0 0 0 0 0 0 0 0 
0 0 0 0 0 0 0 0 0 0 0 0 0 0 0 0 0 0 0 0 0 0 0 
0 0 0 0 0 0 0 0 0 0 0 0 0 0 0 0 0 0 0 0 0 0 0 
0 0 0 0 0 0 0 0 0 0 0 0 0 0 0 0 0 0 0 0 0 0 0 
0 0 0 0 0 0 0 0 0 0 0 0 0 0 0 0 0 0 0 0 0 0 0 
0 0 0 0 0 0 0 0 0 0 0 0 0 0 0 0 0 0 0 0 0 0 0 
27.9 0 0 0 0 0 0 0 0 0 0 0 0 0 0 0 0 0 0 0 0 0 27.9 
0 135.78 0 197.16 0 181.35 0 168.33 0 33.48 0 233.43 0 246.45 0 114.39 0 97.65 0 356.19 0 135.78 0 
135.78 0 334.8 0 231.57 0 181.35 0 168.33 0 758.88 0 295.74 0 810.96 0 1035.09 0 588.69 0 356.19 0 135.78 
0 334.8 0 605.43 0 231.57 0 168.33 0 758.88 0 758.88 0 810.96 0 1035.09 0 1035.09 0 605.43 0 334.8 0 
0 0 605.43 0 874.2 0 224.13 0 402.69 0 758.88 0 2140.86 0 851.88 0 1035.09 0 874.2 0 605.43 0 0 
0 0 0 874.2 0 1043.46 0 224.13 0 402.69 0 2140.86 0 3165.72 0 907.68 0 1043.46 0 874.2 0 0 0 
0 0 0 0 1043.46 0 1043.46 0 206.46 0 478.95 0 3165.72 0 3165.72 0 1043.46 0 1043.46 0 0 0 0 
0 0 0 0 0 1043.46 0 1043.46 0 478.95 0 478.95 0 3165.72 0 2000.43 0 1043.46 0 0 0 0 0 
0 0 0 0 0 0 1043.46 0 874.2 0 478.95 0 356.19 0 2000.43 0 1043.46 0 0 0 0 0 0 
0 0 0 0 0 0 0 874.2 0 605.43 0 356.19 0 605.43 0 874.2 0 0 0 0 0 0 0 
0 0 0 0 0 0 0 0 605.43 0 356.19 0 356.19 0 605.43 0 0 0 0 0 0 0 0 
0 0 0 0 0 0 0 0 0 334.8 0 135.78 0 334.8 0 0 0 0 0 0 0 0 0 
0 0 0 0 0 0 0 0 0 0 135.78 0 135.78 0 0 0 0 0 0 0 0 0 0 
0 0 0 0 0 0 0 0 0 0 0 0 0 0 0 0 0 0 0 0 0 0 0 
0 0 0 0 0 0 0 0 0 0 0 0 0 0 0 0 0 0 0 0 0 0 0 
0 0 0 0 0 0 0 0 0 0 0 0 0 0 0 0 0 0 0 0 0 0 0 
0 0 0 0 0 0 0 0 0 0 0 0 0 0 0 0 0 0 0 0 0 0 0 
0 0 0 0 0 0 0 0 0 0 0 0 0 0 0 0 0 0 0 0 0 0 0 
0 0 0 0 0 0 0 0 0 0 0 0 0 0 0 0 0 0 0 0 0 0 0 
0 0 0 0 0 0 0 0 0 0 0 0 0 0 0 0 0 0 0 0 0 0 0 
0 0 0 0 0 0 0 0 0 0 0 0 0 0 0 0 0 0 0 0 0 0 0 
0 0 0 0 0 0 0 0 0 0 0 0 0 0 0 0 0 0 0 0 0 0 0 
0 0 0 0 0 0 0 0 0 0 0 0 0 0 0 0 0 0 0 0 0 0 0 
0 0 0 0 0 0 0 0 0 0 0 0 0 0 0 0 0 0 0 0 0 0 0 
106.95 0 181.35 0 179.49 0 69.75 0 104.16 0 86.49 0 216.69 0 634.26 0 798.87 0 135.78 0 309.69 0 106.95 
0 279 0 191.58 0 179.49 0 104.16 0 1780.95 0 216.69 0 634.26 0 798.87 0 798.87 0 309.69 0 309.69 0 
279 0 533.82 0 222.27 0 93 0 1780.95 0 1780.95 0 1100.19 0 774.69 0 798.87 0 2465.43 0 533.82 0 279 
0 533.82 0 821.19 0 222.27 0 93 0 1780.95 0 1511.25 0 1100.19 0 774.69 0 2465.43 0 2465.43 0 533.82 0 
0 0 821.19 0 1050.9 0 202.74 0 188.79 0 1511.25 0 2687.7 0 774.69 0 12091.9 0 2465.43 0 821.19 0 0 
0 0 0 1050.9 0 1139.25 0 202.74 0 273.42 0 2687.7 0 2790.93 0 12091.9 0 12091.9 0 1050.9 0 0 0 
0 0 0 0 1139.25 0 1139.25 0 273.42 0 340.38 0 2790.93 0 2790.93 0 12091.9 0 1139.25 0 0 0 0 
0 0 0 0 0 1139.25 0 1050.9 0 273.42 0 340.38 0 2790.93 0 1248.99 0 1139.25 0 0 0 0 0 
0 0 0 0 0 0 1050.9 0 821.19 0 309.69 0 309.69 0 1248.99 0 1050.9 0 0 0 0 0 0 
0 0 0 0 0 0 0 821.19 0 533.82 0 309.69 0 533.82 0 821.19 0 0 0 0 0 0 0 
0 0 0 0 0 0 0 0 533.82 0 309.69 0 309.69 0 533.82 0 0 0 0 0 0 0 0 
0 0 0 0 0 0 0 0 0 279 0 106.95 0 279 0 0 0 0 0 0 0 0 0 
0 0 0 0 0 0 0 0 0 0 0 0 0 0 0 0 0 0 0 0 0 0 0 
0 0 0 0 0 0 0 0 0 0 0 0 0 0 0 0 0 0 0 0 0 0 0 
0 0 0 0 0 0 0 0 0 0 0 0 0 0 0 0 0 0 0 0 0 0 0 
0 0 0 0 0 0 0 0 0 0 0 0 0 0 0 0 0 0 0 0 0 0 0 
0 0 0 0 0 0 0 0 0 0 0 0 0 0 0 0 0 0 0 0 0 0 0 
0 0 0 0 0 0 0 0 0 0 0 0 0 0 0 0 0 0 0 0 0 0 0 
0 0 0 0 0 0 0 0 0 0 0 0 0 0 0 0 0 0 0 0 0 0 0 
0 0 0 0 0 0 0 0 0 0 0 0 0 0 0 0 0 0 0 0 0 0 0 
0 0 0 0 0 0 0 0 0 0 0 0 0 0 0 0 0 0 0 0 0 0 0 
0 0 0 0 0 0 0 0 0 0 0 0 0 0 0 0 0 0 0 0 0 0 0 
0 0 0 0 0 0 0 0 0 0 0 0 0 0 0 0 0 0 0 0 0 0 0 
0 131.13 0 147.87 0 107.88 0 51.15 0 1374.54 0 53.94 0 141.36 0 109.74 0 512.43 0 81.84 0 265.98 0 
230.64 0 182.28 0 147.87 0 107.88 0 1374.54 0 1374.54 0 1320.6 0 436.17 0 512.43 0 7513.47 0 359.91 0 265.98 
0 465 0 194.37 0 107.88 0 1303.86 0 1374.54 0 1320.6 0 1320.6 0 436.17 0 7513.47 0 7513.47 0 465 0 
465 0 756.09 0 216.69 0 58.59 0 1303.86 0 1267.59 0 1320.6 0 436.17 0 8449.98 0 7513.47 0 756.09 0 465 
0 756.09 0 1029.51 0 216.69 0 106.95 0 1267.59 0 2112.96 0 1098.33 0 8810.82 0 8449.98 0 1231.32 0 756.09 0 
0 0 1029.51 0 1195.98 0 183.21 0 767.25 0 2112.96 0 2718.39 0 8810.82 0 8810.82 0 1231.32 0 1029.51 0 0 
0 0 0 1195.98 0 1195.98 0 183.21 0 767.25 0 2718.39 0 2718.39 0 8810.82 0 8565.3 0 1195.98 0 0 0 
0 0 0 0 1195.98 0 1195.98 0 212.97 0 3383.34 0 2718.39 0 2281.29 0 8565.3 0 1195.98 0 0 0 0 
0 0 0 0 0 1195.98 0 1029.51 0 3383.34 0 3383.34 0 2484.03 0 1029.51 0 1195.98 0 0 0 0 0 
0 0 0 0 0 0 1029.51 0 756.09 0 3383.34 0 2484.03 0 815.61 0 1029.51 0 0 0 0 0 0 
0 0 0 0 0 0 0 756.09 0 465 0 265.98 0 465 0 756.09 0 0 0 0 0 0 0 
0 0 0 0 0 0 0 0 465 0 265.98 0 265.98 0 465 0 0 0 0 0 0 0 0 
0 0 0 0 0 0 0 0 0 0 0 0 0 0 0 0 0 0 0 0 0 0 0 
0 0 0 0 0 0 0 0 0 0 0 0 0 0 0 0 0 0 0 0 0 0 0 
0 0 0 0 0 0 0 0 0 0 0 0 0 0 0 0 0 0 0 0 0 0 0 
0 0 0 0 0 0 0 0 0 0 0 0 0 0 0 0 0 0 0 0 0 0 0 
0 0 0 0 0 0 0 0 0 0 0 0 0 0 0 0 0 0 0 0 0 0 0 
0 0 0 0 0 0 0 0 0 0 0 0 0 0 0 0 0 0 0 0 0 0 0 
0 0 0 0 0 0 0 0 0 0 0 0 0 0 0 0 0 0 0 0 0 0 0 
0 0 0 0 0 0 0 0 0 0 0 0 0 0 0 0 0 0 0 0 0 0 0 
0 0 0 0 0 0 0 0 0 0 0 0 0 0 0 0 0 0 0 0 0 0 0 
0 0 0 0 0 0 0 0 0 0 0 0 0 0 0 0 0 0 0 0 0 0 0 
0 0 0 0 0 0 0 0 0 0 0 0 0 0 0 0 0 0 0 0 0 0 0 
204.6 0 125.55 0 70.68 0 43.71 0 53.01 0 1020.21 0 389.67 0 337.59 0 77.19 0 5808.78 0 95.79 0 271.56 
0 204.6 0 125.55 0 70.68 0 1000.68 0 1020.21 0 1020.21 0 684.48 0 337.59 0 5808.78 0 5808.78 0 271.56 0 
400.83 0 191.58 0 70.68 0 1000.68 0 1325.25 0 1020.21 0 832.35 0 684.48 0 39279.5 0 5808.78 0 1400.58 0 400.83 
0 685.41 0 197.16 0 68.82 0 1325.25 0 1325.25 0 832.35 0 684.48 0 39279.5 0 39279.5 0 4849.02 0 1400.58 0 
685.41 0 985.8 0 210.18 0 44.64 0 1325.25 0 1262.94 0 965.34 0 2682.12 0 39279.5 0 5572.56 0 1400.58 0 685.41 
0 985.8 0 1218.3 0 210.18 0 568.23 0 1262.94 0 2470.08 0 2682.12 0 9193.05 0 6479.31 0 1218.3 0 985.8 0 
0 0 1218.3 0 1305.72 0 169.26 0 568.23 0 2470.08 0 2470.08 0 9193.05 0 9193.05 0 1305.72 0 1218.3 0 0 
0 0 0 1305.72 0 1305.72 0 164.61 0 2513.79 0 2470.08 0 2159.46 0 9193.05 0 5887.83 0 1305.72 0 0 0 
0 0 0 0 1305.72 0 1218.3 0 2513.79 0 2513.79 0 2159.46 0 2159.46 0 5887.83 0 1305.72 0 0 0 0 
0 0 0 0 0 1218.3 0 985.8 0 2513.79 0 2405.91 0 2159.46 0 985.8 0 1218.3 0 0 0 0 0 
0 0 0 0 0 0 985.8 0 685.41 0 2405.91 0 1712.13 0 685.41 0 985.8 0 0 0 0 0 0 
0 0 0 0 0 0 0 685.41 0 400.83 0 271.56 0 400.83 0 685.41 0 0 0 0 0 0 0 
0 0 0 0 0 0 0 0 0 0 0 0 0 0 0 0 0 0 0 0 0 0 0 
0 0 0 0 0 0 0 0 0 0 0 0 0 0 0 0 0 0 0 0 0 0 0 
0 0 0 0 0 0 0 0 0 0 0 0 0 0 0 0 0 0 0 0 0 0 0 
0 0 0 0 0 0 0 0 0 0 0 0 0 0 0 0 0 0 0 0 0 0 0 
0 0 0 0 0 0 0 0 0 0 0 0 0 0 0 0 0 0 0 0 0 0 0 
0 0 0 0 0 0 0 0 0 0 0 0 0 0 0 0 0 0 0 0 0 0 0 
0 0 0 0 0 0 0 0 0 0 0 0 0 0 0 0 0 0 0 0 0 0 0 
0 0 0 0 0 0 0 0 0 0 0 0 0 0 0 0 0 0 0 0 0 0 0 
0 0 0 0 0 0 0 0 0 0 0 0 0 0 0 0 0 0 0 0 0 0 0 
0 0 0 0 0 0 0 0 0 0 0 0 0 0 0 0 0 0 0 0 0 0 0 
0 0 0 0 0 0 0 0 0 0 0 0 0 0 0 0 0 0 0 0 0 0 0 
0 129.27 0 68.82 0 56.73 0 637.05 0 54.87 0 806.31 0 530.1 0 237.15 0 82.77 0 4410.06 0 60.45 0 
189.72 0 129.27 0 68.82 0 719.82 0 637.05 0 806.31 0 806.31 0 530.1 0 14408.5 0 4410.06 0 4410.06 0 289.23 
0 189.72 0 68.82 0 719.82 0 1258.29 0 988.59 0 806.31 0 530.1 0 21175.2 0 26576.6 0 4410.06 0 1598.67 0 
612.87 0 200.88 0 52.08 0 1258.29 0 1258.29 0 988.59 0 486.39 0 21175.2 0 26576.6 0 26576.6 0 1598.67 0 612.87 
0 927.21 0 200.88 0 52.08 0 1258.29 0 988.59 0 528.24 0 11805.4 0 25422.5 0 26576.6 0 5297.28 0 927.21 0 
927.21 0 1209.93 0 201.81 0 406.41 0 833.28 0 1575.42 0 685.41 0 11805.4 0 25422.5 0 18852 0 1209.93 0 927.21 
0 1209.93 0 1378.26 0 201.81 0 502.2 0 12765.2 0 1575.42 0 7101.48 0 8251.89 0 18852 0 18852 0 1209.93 0 
0 0 1378.26 0 1378.26 0 155.31 0 12765.2 0 12765.2 0 2405.91 0 8251.89 0 8251.89 0 18852 0 1378.26 0 0 
0 0 0 1378.26 0 1378.26 0 1500.09 0 12765.2 0 2405.91 0 2405.91 0 8251.89 0 3896.7 0 1378.26 0 0 0 
0 0 0 0 1378.26 0 1209.93 0 2626.32 0 2626.32 0 2405.91 0 1848.84 0 3896.7 0 1378.26 0 0 0 0 
0 0 0 0 0 1209.93 0 927.21 0 2626.32 0 1647.96 0 1848.84 0 927.21 0 1209.93 0 0 0 0 0 
0 0 0 0 0 0 927.21 0 612.87 0 1647.96 0 1112.28 0 612.87 0 927.21 0 0 0 0 0 0 
0 0 0 0 0 0 0 0 0 0 0 0 0 0 0 0 0 0 0 0 0 0 0 
0 0 0 0 0 0 0 0 0 0 0 0 0 0 0 0 0 0 0 0 0 0 0 
0 0 0 0 0 0 0 0 0 0 0 0 0 0 0 0 0 0 0 0 0 0 0 
0 0 0 0 0 0 0 0 0 0 0 0 0 0 0 0 0 0 0 0 0 0 0 
0 0 0 0 0 0 0 0 0 0 0 0 0 0 0 0 0 0 0 0 0 0 0 
0 0 0 0 0 0 0 0 0 0 0 0 0 0 0 0 0 0 0 0 0 0 0 
0 0 0 0 0 0 0 0 0 0 0 0 0 0 0 0 0 0 0 0 0 0 0 
0 0 0 0 0 0 0 0 0 0 0 0 0 0 0 0 0 0 0 0 0 0 0 
0 0 0 0 0 0 0 0 0 0 0 0 0 0 0 0 0 0 0 0 0 0 0 
0 0 0 0 0 0 0 0 0 0 0 0 0 0 0 0 0 0 0 0 0 0 0 
0 0 0 0 0 0 0 0 0 0 0 0 0 0 0 0 0 0 0 0 0 0 0 
177.63 0 69.75 0 10.23 0 63.24 0 451.05 0 55.8 0 245.52 0 388.74 0 11122.8 0 89.28 0 3576.78 0 227.85 
0 177.63 0 69.75 0 550.56 0 623.1 0 949.53 0 576.6 0 388.74 0 11241.8 0 11122.8 0 3994.35 0 3576.78 0 
177.63 0 69.75 0 550.56 0 1085.31 0 949.53 0 949.53 0 576.6 0 15372.9 0 11241.8 0 3994.35 0 3994.35 0 873.27 
0 179.49 0 54.87 0 1085.31 0 1085.31 0 949.53 0 1496.37 0 15372.9 0 15913.2 0 22135.9 0 3994.35 0 873.27 0 
858.39 0 208.32 0 45.57 0 1085.31 0 917.91 0 1496.37 0 8833.14 0 15913.2 0 22135.9 0 22135.9 0 5657.19 0 873.27 
0 1176.45 0 208.32 0 45.57 0 917.91 0 11492 0 1496.37 0 8833.14 0 15913.2 0 22135.9 0 9876.6 0 5657.19 0 
1176.45 0 1415.46 0 196.23 0 471.51 0 444371 0 11492 0 782.13 0 8065.89 0 14163 0 13528.7 0 5657.19 0 1176.45 
0 1415.46 0 1504.74 0 191.58 0 444371 0 444371 0 8816.4 0 8065.89 0 8065.89 0 13528.7 0 13528.7 0 1415.46 0 
0 0 1504.74 0 1504.74 0 141.36 0 444371 0 8816.4 0 1309.44 0 8065.89 0 6935.01 0 13528.7 0 1504.74 0 0 
0 0 0 1504.74 0 1415.46 0 2255.25 0 7843.62 0 1309.44 0 1420.11 0 6935.01 0 2471.94 0 1504.74 0 0 0 
0 0 0 0 1415.46 0 1176.45 0 2290.59 0 2290.59 0 1420.11 0 1420.11 0 2471.94 0 1415.46 0 0 0 0 
0 0 0 0 0 1176.45 0 858.39 0 2290.59 0 1274.1 0 1420.11 0 858.39 0 1176.45 0 0 0 0 0 
0 0 0 0 0 0 0 0 0 0 0 0 0 0 0 0 0 0 0 0 0 0 0 
0 0 0 0 0 0 0 0 0 0 0 0 0 0 0 0 0 0 0 0 0 0 0 
0 0 0 0 0 0 0 0 0 0 0 0 0 0 0 0 0 0 0 0 0 0 0 
0 0 0 0 0 0 0 0 0 0 0 0 0 0 0 0 0 0 0 0 0 0 0 
0 0 0 0 0 0 0 0 0 0 0 0 0 0 0 0 0 0 0 0 0 0 0 
0 0 0 0 0 0 0 0 0 0 0 0 0 0 0 0 0 0 0 0 0 0 0 
0 0 0 0 0 0 0 0 0 0 0 0 0 0 0 0 0 0 0 0 0 0 0 
0 0 0 0 0 0 0 0 0 0 0 0 0 0 0 0 0 0 0 0 0 0 0 
0 0 0 0 0 0 0 0 0 0 0 0 0 0 0 0 0 0 0 0 0 0 0 
0 0 0 0 0 0 0 0 0 0 0 0 0 0 0 0 0 0 0 0 0 0 0 
0 0 0 0 0 0 0 0 0 0 0 0 0 0 0 0 0 0 0 0 0 0 0 
0 97.65 0 59.52 0 68.82 0 79.05 0 794.22 0 106.95 0 119.04 0 419.43 0 8516.94 0 102.3 0 2585.4 0 
136.71 0 97.65 0 387.81 0 91.14 0 794.22 0 794.22 0 318.06 0 28330.6 0 9310.23 0 8516.94 0 3733.95 0 2982.51 
0 476.16 0 387.81 0 922.56 0 487.32 0 794.22 0 689.13 0 31231.3 0 28330.6 0 9310.23 0 3733.95 0 3733.95 0 
476.16 0 476.16 0 922.56 0 1062.99 0 582.18 0 794.22 0 31231.3 0 31231.3 0 9310.23 0 3651.18 0 127990 0 2982.51 
0 476.16 0 48.36 0 1062.99 0 1062.99 0 18324.7 0 920.7 0 31231.3 0 12862.8 0 9758.49 0 127990 0 127990 0 
1124.37 0 212.97 0 39.99 0 1062.99 0 219120 0 18324.7 0 7623.21 0 21326.8 0 12862.8 0 9758.49 0 127990 0 1124.37 
0 1421.04 0 212.97 0 318.99 0 342984 0 336216 0 920.7 0 21326.8 0 21326.8 0 9758.49 0 8051.94 0 3386.13 0 
1421.04 0 1594.95 0 191.58 0 342984 0 342984 0 336216 0 5626.5 0 21326.8 0 9446.01 0 9446.01 0 3386.13 0 1421.04 
0 1594.95 0 1594.95 0 180.42 0 342984 0 341321 0 8171.91 0 7939.41 0 7939.41 0 9446.01 0 9420.9 0 1594.95 0 
0 0 1594.95 0 1594.95 0 1640.52 0 341321 0 8171.91 0 770.97 0 7939.41 0 6304.47 0 9420.9 0 1594.95 0 0 
0 0 0 1594.95 0 1421.04 0 2242.23 0 4498.41 0 770.97 0 1118.79 0 5614.41 0 1536.36 0 1594.95 0 0 0 
0 0 0 0 1421.04 0 1124.37 0 2242.23 0 1891.62 0 1118.79 0 1118.79 0 1536.36 0 1421.04 0 0 0 0 
0 0 0 0 0 0 0 0 0 0 0 0 0 0 0 0 0 0 0 0 0 0 0 
0 0 0 0 0 0 0 0 0 0 0 0 0 0 0 0 0 0 0 0 0 0 0 
0 0 0 0 0 0 0 0 0 0 0 0 0 0 0 0 0 0 0 0 0 0 0 
0 0 0 0 0 0 0 0 0 0 0 0 0 0 0 0 0 0 0 0 0 0 0 
0 0 0 0 0 0 0 0 0 0 0 0 0 0 0 0 0 0 0 0 0 0 0 
0 0 0 0 0 0 0 0 0 0 0 0 0 0 0 0 0 0 0 0 0 0 0 
0 0 0 0 0 0 0 0 0 0 0 0 0 0 0 0 0 0 0 0 0 0 0 
0 0 0 0 0 0 0 0 0 0 0 0 0 0 0 0 0 0 0 0 0 0 0 
0 0 0 0 0 0 0 0 0 0 0 0 0 0 0 0 0 0 0 0 0 0 0 
0 0 0 0 0 0 0 0 0 0 0 0 0 0 0 0 0 0 0 0 0 0 0 
0 0 0 0 0 0 0 0 0 0 0 0 0 0 0 0 0 0 0 0 0 0 0 
129.27 0 32.55 0 258.54 0 61.38 0 63.24 0 531.03 0 220.41 0 6206.82 0 468.72 0 6841.08 0 136.71 0 3046.68 
0 218.55 0 285.51 0 258.54 0 348.75 0 531.03 0 1554.03 0 12094.7 0 6206.82 0 8080.77 0 6841.08 0 3046.68 0 
376.65 0 285.51 0 744 0 348.75 0 348.75 0 1554.03 0 12094.7 0 24596.6 0 8080.77 0 8080.77 0 98129.9 0 3046.68 
0 376.65 0 744 0 1074.15 0 816.54 0 953530 0 10881 0 24596.6 0 24596.6 0 8080.77 0 98129.9 0 98129.9 0 
855.6 0 219.48 0 1074.15 0 1074.15 0 953530 0 953530 0 19490 0 24596.6 0 6330.51 0 96749.8 0 98129.9 0 2244.09 
0 855.6 0 44.64 0 1074.15 0 398844 0 953530 0 13444.1 0 19490 0 13423.6 0 2378.01 0 96749.8 0 96181.5 0 
1398.72 0 213.9 0 105.09 0 398844 0 398844 0 24919.3 0 16237.8 0 16237.8 0 13423.6 0 6253.32 0 96181.5 0 1398.72 
0 1648.89 0 213.9 0 264734 0 398844 0 362896 0 7152.63 0 16237.8 0 13423.6 0 7673.43 0 6253.32 0 1744.68 0 
1648.89 0 1740.96 0 185.07 0 372597 0 372597 0 362896 0 7152.63 0 10976.8 0 7673.43 0 7673.43 0 1744.68 0 1648.89 
0 1740.96 0 1740.96 0 196.23 0 372597 0 362896 0 6732.27 0 7279.11 0 7279.11 0 7673.43 0 6296.1 0 1740.96 0 
0 0 1740.96 0 1648.89 0 1919.52 0 261745 0 6732.27 0 610.08 0 7279.11 0 5682.3 0 6296.1 0 1740.96 0 0 
0 0 0 1648.89 0 1398.72 0 2098.08 0 2514.72 0 986.73 0 707.73 0 4289.16 0 1398.72 0 1648.89 0 0 0 
0 0 0 0 0 0 0 0 0 0 0 0 0 0 0 0 0 0 0 0 0 0 0 
0 0 0 0 0 0 0 0 0 0 0 0 0 0 0 0 0 0 0 0 0 0 0 
0 0 0 0 0 0 0 0 0 0 0 0 0 0 0 0 0 0 0 0 0 0 0 
0 0 0 0 0 0 0 0 0 0 0 0 0 0 0 0 0 0 0 0 0 0 0 
0 0 0 0 0 0 0 0 0 0 0 0 0 0 0 0 0 0 0 0 0 0 0 
0 0 0 0 0 0 0 0 0 0 0 0 0 0 0 0 0 0 0 0 0 0 0 
0 0 0 0 0 0 0 0 0 0 0 0 0 0 0 0 0 0 0 0 0 0 0 
0 0 0 0 0 0 0 0 0 0 0 0 0 0 0 0 0 0 0 0 0 0 0 
0 0 0 0 0 0 0 0 0 0 0 0 0 0 0 0 0 0 0 0 0 0 0 
0 0 0 0 0 0 0 0 0 0 0 0 0 0 0 0 0 0 0 0 0 0 0 
0 0 0 0 0 0 0 0 0 0 0 0 0 0 0 0 0 0 0 0 0 0 0 
0 184.14 0 35.34 0 179.49 0 261.33 0 53.01 0 1222.95 0 370.14 0 4432.38 0 544.05 0 5175.45 0 123.69 0 
254.82 0 184.14 0 358.05 0 261.33 0 261.33 0 1222.95 0 1641.45 0 8670.39 0 15691 0 6987.09 0 99298.9 0 1717.71 
0 254.82 0 597.06 0 358.05 0 1750.26 0 767668 0 8423.01 0 13369.7 0 15691 0 15691 0 99298.9 0 99298.9 0 
406.41 0 597.06 0 984.87 0 1750.26 0 767668 0 767668 0 16345.7 0 14956.3 0 15691 0 74075.4 0 99298.9 0 74031.7 
0 625.89 0 984.87 0 984.87 0 387589 0 767668 0 16345.7 0 16345.7 0 14956.3 0 74075.4 0 104018 0 74693.9 0 
625.89 0 625.89 0 984.87 0 2.27383e+06 0 716836 0 716836 0 40356.4 0 14956.3 0 4878.78 0 104018 0 104018 0 8567.16 
0 625.89 0 40.92 0 2.27383e+06 0 2.27383e+06 0 716836 0 40356.4 0 40356.4 0 10523.9 0 11926.3 0 104018 0 72896.2 0 
1669.35 0 212.04 0 204321 0 2.27383e+06 0 159056 0 109414 0 40356.4 0 10523.9 0 10523.9 0 11926.3 0 72896.2 0 8567.16 
0 1850.7 0 212.04 0 352714 0 352714 0 340780 0 7509.75 0 7670.64 0 10523.9 0 5938.98 0 4809.96 0 1850.7 0 
1850.7 0 1850.7 0 176.7 0 352714 0 350182 0 340780 0 7514.4 0 7514.4 0 5938.98 0 5938.98 0 1850.7 0 1850.7 
0 1850.7 0 1850.7 0 2471.01 0 350182 0 340780 0 4757.88 0 7514.4 0 5940.84 0 5938.98 0 3987.84 0 1850.7 0 
0 0 1850.7 0 1669.35 0 2471.01 0 200422 0 4757.88 0 363.63 0 5940.84 0 4689.99 0 3987.84 0 1850.7 0 0 
0 0 0 0 0 0 0 0 0 0 0 0 0 0 0 0 0 0 0 0 0 0 0 
0 0 0 0 0 0 0 0 0 0 0 0 0 0 0 0 0 0 0 0 0 0 0 
0 0 0 0 0 0 0 0 0 0 0 0 0 0 0 0 0 0 0 0 0 0 0 
0 0 0 0 0 0 0 0 0 0 0 0 0 0 0 0 0 0 0 0 0 0 0 
0 0 0 0 0 0 0 0 0 0 0 0 0 0 0 0 0 0 0 0 0 0 0 
0 0 0 0 0 0 0 0 0 0 0 0 0 0 0 0 0 0 0 0 0 0 0 
0 0 0 0 0 0 0 0 0 0 0 0 0 0 0 0 0 0 0 0 0 0 0 
0 0 0 0 0 0 0 0 0 0 0 0 0 0 0 0 0 0 0 0 0 0 0 
0 0 0 0 0 0 0 0 0 0 0 0 0 0 0 0 0 0 0 0 0 0 0 
0 0 0 0 0 0 0 0 0 0 0 0 0 0 0 0 0 0 0 0 0 0 0 
0 0 0 0 0 0 0 0 0 0 0 0 0 0 0 0 0 0 0 0 0 0 0 
242.73 0 121.83 0 58.59 0 63.24 0 163.68 0 52.08 0 1427.55 0 617.52 0 12477.8 0 679.83 0 76748.2 0 1328.97 
0 242.73 0 322.71 0 211.11 0 3474.48 0 865996 0 6718.32 0 2572.38 0 12477.8 0 12477.8 0 76748.2 0 76748.2 0 
242.73 0 336.66 0 357.12 0 3474.48 0 865996 0 865996 0 6718.32 0 7334.91 0 12477.8 0 71259.4 0 76748.2 0 57147.6 
0 336.66 0 871.41 0 1236.9 0 1.79739e+07 0 865996 0 586062 0 7334.91 0 9622.71 0 57108.5 0 71259.4 0 80625.4 0 
484.53 0 871.41 0 1008.12 0 1.79739e+07 0 1.79739e+07 0 586062 0 1.36717e+06 0 10284.9 0 53576.4 0 92923.7 0 80625.4 0 3.16247e+06 
0 484.53 0 1008.12 0 1.8914e+08 0 1.79739e+07 0 469095 0 1.36717e+06 0 1.36717e+06 0 10284.9 0 92923.7 0 93066 0 3.16247e+06 0 
956.97 0 450.12 0 1.8914e+08 0 1.8914e+08 0 1.76204e+06 0 469095 0 1.36717e+06 0 29294.1 0 8544.84 0 93066 0 93066 0 3.16247e+06 
0 956.97 0 52565.5 0 1.8914e+08 0 1.76204e+06 0 779684 0 81919 0 29294.1 0 8544.84 0 8463 0 93066 0 55302.4 0 
1924.17 0 211.11 0 314618 0 1.48332e+06 0 779684 0 779684 0 25411.3 0 7984.05 0 7984.05 0 5505.6 0 117964 0 5324.25 
0 2019.96 0 207.39 0 382299 0 382299 0 779684 0 7997.07 0 7997.07 0 7984.05 0 4615.59 0 117964 0 117964 0 
2019.96 0 2019.96 0 817.47 0 382299 0 309241 0 301904 0 7997.07 0 7133.1 0 4601.64 0 4615.59 0 117964 0 2019.96 
0 2019.96 0 1924.17 0 2139.93 0 309241 0 301904 0 3915.3 0 7133.1 0 5180.1 0 4601.64 0 3331.26 0 2019.96 0 
0 0 0 0 0 0 0 0 0 0 0 0 0 0 0 0 0 0 0 0 0 0 0 
0 0 0 0 0 0 0 0 0 0 0 0 0 0 0 0 0 0 0 0 0 0 0 
0 0 0 0 0 0 0 0 0 0 0 0 0 0 0 0 0 0 0 0 0 0 0 
0 0 0 0 0 0 0 0 0 0 0 0 0 0 0 0 0 0 0 0 0 0 0 
0 0 0 0 0 0 0 0 0 0 0 0 0 0 0 0 0 0 0 0 0 0 0 
0 0 0 0 0 0 0 0 0 0 0 0 0 0 0 0 0 0 0 0 0 0 0 
0 0 0 0 0 0 0 0 0 0 0 0 0 0 0 0 0 0 0 0 0 0 0 
0 0 0 0 0 0 0 0 0 0 0 0 0 0 0 0 0 0 0 0 0 0 0 
0 0 0 0 0 0 0 0 0 0 0 0 0 0 0 0 0 0 0 0 0 0 0 
0 0 0 0 0 0 0 0 0 0 0 0 0 0 0 0 0 0 0 0 0 0 0 
0 0 0 0 0 0 0 0 0 0 0 0 0 0 0 0 0 0 0 0 0 0 0 
0 152.52 0 253.89 0 150.66 0 1036.95 0 668462 0 193.44 0 2081.34 0 514.29 0 9109.35 0 712.38 0 58216.1 0 
152.52 0 253.89 0 253.89 0 1036.95 0 668462 0 668462 0 2081.34 0 2081.34 0 9109.35 0 169984 0 58216.1 0 484808 
0 163.68 0 406.41 0 801.66 0 3.8965e+07 0 668462 0 5165.22 0 4405.41 0 5181.03 0 169984 0 169984 0 484808 0 
132.06 0 584.97 0 681.69 0 1.21398e+08 0 3.8965e+07 0 662432 0 174433 0 7008.48 0 41538.4 0 169984 0 791519 0 1.69958e+06 
0 584.97 0 1011.84 0 1.21398e+08 0 1.21398e+08 0 662432 0 1.05536e+06 0 174433 0 41538.4 0 77076.5 0 791519 0 2.37994e+06 0 
504.06 0 1011.84 0 5.65217e+09 0 1.21398e+08 0 1.25156e+07 0 1.05536e+06 0 1.05536e+06 0 17518.4 0 77076.5 0 93904.9 0 2.37994e+06 0 2.437e+06 
0 732.84 0 5.65217e+09 0 5.65217e+09 0 1.25156e+07 0 1.71227e+08 0 1.05536e+06 0 1.03595e+06 0 17518.4 0 93904.9 0 93904.9 0 2.437e+06 0 
764.46 0 40546.1 0 5.65217e+09 0 1.45758e+08 0 1.71227e+08 0 1.71227e+08 0 1.03595e+06 0 28644 0 7237.26 0 93904.9 0 2.87623e+09 0 2.437e+06 
0 764.46 0 246200 0 1.45758e+08 0 1.70086e+06 0 1.71227e+08 0 599720 0 28644 0 6100.8 0 7237.26 0 2.87623e+09 0 2.87623e+09 0 
2152.95 0 211.11 0 382117 0 861491 0 368874 0 599720 0 14169.5 0 6100.8 0 6100.8 0 3681.87 0 2.87623e+09 0 2624.46 
0 2152.95 0 863.97 0 382117 0 378227 0 368874 0 8163.54 0 8100.3 0 6100.8 0 3681.87 0 89585 0 89585 0 
2152.95 0 2152.95 0 1023 0 378227 0 266172 0 260490 0 8100.3 0 6706.23 0 3653.97 0 3681.87 0 89585 0 2152.95 
0 0 0 0 0 0 0 0 0 0 0 0 0 0 0 0 0 0 0 0 0 0 0 
0 0 0 0 0 0 0 0 0 0 0 0 0 0 0 0 0 0 0 0 0 0 0 
0 0 0 0 0 0 0 0 0 0 0 0 0 0 0 0 0 0 0 0 0 0 0 
0 0 0 0 0 0 0 0 0 0 0 0 0 0 0 0 0 0 0 0 0 0 0 
0 0 0 0 0 0 0 0 0 0 0 0 0 0 0 0 0 0 0 0 0 0 0 
0 0 0 0 0 0 0 0 0 0 0 0 0 0 0 0 0 0 0 0 0 0 0 
0 0 0 0 0 0 0 0 0 0 0 0 0 0 0 0 0 0 0 0 0 0 0 
0 0 0 0 0 0 0 0 0 0 0 0 0 0 0 0 0 0 0 0 0 0 0 
0 0 0 0 0 0 0 0 0 0 0 0 0 0 0 0 0 0 0 0 0 0 0 
0 0 0 0 0 0 0 0 0 0 0 0 0 0 0 0 0 0 0 0 0 0 0 
0 0 0 0 0 0 0 0 0 0 0 0 0 0 0 0 0 0 0 0 0 0 0 
155.31 0 89.28 0 86.49 0 133.92 0 799.8 0 515837 0 144.15 0 1636.8 0 437.1 0 131371 0 764.46 0 376911 
0 155.31 0 231.57 0 2408.7 0 3.89038e+07 0 515837 0 515837 0 5628.36 0 1659.12 0 131371 0 131371 0 376911 0 
155.31 0 550.56 0 2408.7 0 1.15735e+08 0 3.89038e+07 0 515837 0 18061.5 0 5628.36 0 127344 0 131371 0 627755 0 3.54211e+09 
0 56983 0 550.56 0 2.0918e+08 0 1.15735e+08 0 2.95658e+07 0 18061.5 0 129239 0 28314.8 0 127344 0 627755 0 3.54211e+09 0 
56983 0 56983 0 1.33535e+09 0 2.0918e+08 0 9.58979e+07 0 747032 0 173515 0 129239 0 66700.5 0 573566 0 1.91623e+06 0 3.54211e+09 
0 56983 0 9.49369e+11 0 1.33535e+09 0 9.58979e+07 0 2.76154e+07 0 1.14146e+06 0 173515 0 66700.5 0 88881 0 1.91623e+06 0 2.58858e+06 0 
600.78 0 9.49369e+11 0 9.49369e+11 0 9.38658e+07 0 1.3086e+08 0 2.76154e+07 0 1.14146e+06 0 23785.7 0 88881 0 91952.8 0 2.02687e+09 0 2.58858e+06 
0 691.92 0 9.49369e+11 0 4.36417e+09 0 1.3086e+08 0 1.31886e+08 0 1.14146e+06 0 789018 0 23785.7 0 91952.8 0 2.22016e+09 0 2.02687e+09 0 
1084.38 0 192572 0 4.36417e+09 0 1.12217e+08 0 1.31886e+08 0 1.31886e+08 0 789018 0 23785.7 0 5385.63 0 2.22016e+09 0 2.22016e+09 0 1.8791e+06 
0 1084.38 0 350821 0 1.12217e+08 0 1.39557e+06 0 1.31886e+08 0 540178 0 22601.8 0 4266.84 0 6476.52 0 2.22016e+09 0 2.22009e+09 0 
2350.11 0 1007.19 0 414395 0 428121 0 91093.5 0 540178 0 7449.3 0 5411.67 0 4266.84 0 6476.52 0 2.22009e+09 0 2350.11 
0 2350.11 0 1007.19 0 414395 0 356548 0 198870 0 198870 0 6923.85 0 5411.67 0 3593.52 0 69155.7 0 69155.7 0 
0 0 0 0 0 0 0 0 0 0 0 0 0 0 0 0 0 0 0 0 0 0 0 
0 0 0 0 0 0 0 0 0 0 0 0 0 0 0 0 0 0 0 0 0 0 0 
0 0 0 0 0 0 0 0 0 0 0 0 0 0 0 0 0 0 0 0 0 0 0 
0 0 0 0 0 0 0 0 0 0 0 0 0 0 0 0 0 0 0 0 0 0 0 
0 0 0 0 0 0 0 0 0 0 0 0 0 0 0 0 0 0 0 0 0 0 0 
0 0 0 0 0 0 0 0 0 0 0 0 0 0 0 0 0 0 0 0 0 0 0 
0 0 0 0 0 0 0 0 0 0 0 0 0 0 0 0 0 0 0 0 0 0 0 
0 0 0 0 0 0 0 0 0 0 0 0 0 0 0 0 0 0 0 0 0 0 0 
0 0 0 0 0 0 0 0 0 0 0 0 0 0 0 0 0 0 0 0 0 0 0 
0 0 0 0 0 0 0 0 0 0 0 0 0 0 0 0 0 0 0 0 0 0 0 
0 0 0 0 0 0 0 0 0 0 0 0 0 0 0 0 0 0 0 0 0 0 0 
0 58.59 0 178.56 0 1200.63 0 5.02825e+06 0 617.52 0 398243 0 396.18 0 1580.07 0 468.72 0 100816 0 786.78 0 
58.59 0 951.39 0 1681.44 0 5.24e+06 0 5.02825e+06 0 398243 0 398243 0 3069 0 26180.4 0 100879 0 1.04505e+06 0 3.09178e+09 
0 11742.2 0 1681.44 0 1.36553e+10 0 2.68066e+07 0 398202 0 398243 0 30001.8 0 33560 0 111400 0 1.04505e+06 0 3.09178e+09 0 
43985.3 0 11742.2 0 1.36553e+10 0 1.36553e+10 0 7.70904e+07 0 398202 0 302267 0 33560 0 111400 0 443202 0 2.73367e+09 0 3.09178e+09 
0 43985.3 0 3.29897e+11 0 1.36553e+10 0 9.90574e+07 0 1.38073e+09 0 302267 0 302267 0 41790.5 0 443202 0 1.51171e+06 0 2.73367e+09 0 
43985.3 0 7.32818e+11 0 3.29897e+11 0 9.69855e+08 0 1.38073e+09 0 1.38073e+09 0 302267 0 153943 0 83328.9 0 1.51171e+06 0 1.37107e+12 0 2.73309e+09 
0 7.32818e+11 0 7.32826e+11 0 1.03074e+09 0 1.01122e+08 0 1.38073e+09 0 2.04433e+07 0 153943 0 83328.9 0 92845.6 0 1.37107e+12 0 1.37107e+12 0 
651.93 0 7.32826e+11 0 7.32826e+11 0 1.01122e+08 0 1.42647e+08 0 2.72558e+07 0 1.07105e+06 0 31069.4 0 92845.6 0 1.71374e+09 0 1.37107e+12 0 1.5631e+09 
0 148113 0 7.32826e+11 0 3.36954e+09 0 1.42647e+08 0 1.42647e+08 0 1.07105e+06 0 603626 0 22750.6 0 1.71374e+09 0 2.42356e+09 0 1.57046e+09 0 
990.45 0 308869 0 3.36954e+09 0 8.63004e+07 0 1.42647e+08 0 1.01739e+08 0 603626 0 22750.6 0 6090.57 0 2.42356e+09 0 2.42356e+09 0 1.45019e+06 
0 1049.04 0 418996 0 8.63004e+07 0 1.05865e+06 0 1.01739e+08 0 269951 0 20978.9 0 20978.9 0 6090.57 0 2.42356e+09 0 1.71364e+09 0 
1049.04 0 1049.04 0 421901 0 421901 0 280200 0 269951 0 148275 0 20978.9 0 3580.5 0 50707.3 0 1.71364e+09 0 51567.6 
0 0 0 0 0 0 0 0 0 0 0 0 0 0 0 0 0 0 0 0 0 0 0 
0 0 0 0 0 0 0 0 0 0 0 0 0 0 0 0 0 0 0 0 0 0 0 
0 0 0 0 0 0 0 0 0 0 0 0 0 0 0 0 0 0 0 0 0 0 0 
0 0 0 0 0 0 0 0 0 0 0 0 0 0 0 0 0 0 0 0 0 0 0 
0 0 0 0 0 0 0 0 0 0 0 0 0 0 0 0 0 0 0 0 0 0 0 
0 0 0 0 0 0 0 0 0 0 0 0 0 0 0 0 0 0 0 0 0 0 0 
0 0 0 0 0 0 0 0 0 0 0 0 0 0 0 0 0 0 0 0 0 0 0 
0 0 0 0 0 0 0 0 0 0 0 0 0 0 0 0 0 0 0 0 0 0 0 
0 0 0 0 0 0 0 0 0 0 0 0 0 0 0 0 0 0 0 0 0 0 0 
0 0 0 0 0 0 0 0 0 0 0 0 0 0 0 0 0 0 0 0 0 0 0 
0 0 0 0 0 0 0 0 0 0 0 0 0 0 0 0 0 0 0 0 0 0 0 
51.15 0 242.73 0 225.99 0 1338.27 0 3.88083e+06 0 673.32 0 307098 0 637.05 0 20226.6 0 510.57 0 810363 0 2.38654e+09 
0 16762.3 0 563.58 0 7.52643e+09 0 1.65916e+07 0 3.88083e+06 0 426648 0 307098 0 20226.6 0 20226.6 0 810363 0 2.38654e+09 0 
16762.3 0 16762.3 0 1.02461e+11 0 7.52643e+09 0 1.65916e+07 0 426648 0 426648 0 61914.8 0 47324.9 0 732756 0 9.17989e+11 0 2.38654e+09 
0 16762.3 0 1.04327e+11 0 1.02461e+11 0 1.70159e+07 0 307341 0 426648 0 61914.8 0 1.0985e+06 0 324635 0 9.17989e+11 0 9.17989e+11 0 
47822.5 0 1.04327e+11 0 1.04327e+11 0 9.79187e+09 0 9.91107e+08 0 307341 0 233281 0 1.0985e+06 0 1.0985e+06 0 1.20649e+06 0 9.17989e+11 0 2.98319e+09 
0 5.65662e+11 0 2.90288e+11 0 9.79187e+09 0 9.91107e+08 0 1.04487e+09 0 233281 0 159655 0 1.0985e+06 0 1.20649e+06 0 4.30226e+13 0 8.34088e+11 0 
5.65662e+11 0 7.99971e+11 0 2.90288e+11 0 1.04564e+09 0 1.04487e+09 0 1.04487e+09 0 159655 0 150045 0 93608.2 0 4.30226e+13 0 4.30226e+13 0 2.10884e+09 
0 7.99971e+11 0 7.99971e+11 0 1.04564e+09 0 1.34478e+08 0 1.04487e+09 0 2.56425e+07 0 150045 0 93608.2 0 1.32283e+09 0 4.30226e+13 0 1.05711e+12 0 
27441.5 0 7.99971e+11 0 5.65674e+11 0 1.34478e+08 0 1.34773e+08 0 2.56425e+07 0 948965 0 12913 0 1.32283e+09 0 2.29119e+09 0 1.05711e+12 0 1.70955e+09 
0 263749 0 5.65674e+11 0 2.60147e+09 0 1.34773e+08 0 1.34773e+08 0 948965 0 462039 0 12913 0 2.29119e+09 0 2.29119e+09 0 1.70955e+09 0 
1113.21 0 401423 0 2.60147e+09 0 6.62897e+07 0 1.34773e+08 0 7.84071e+07 0 462039 0 17234.8 0 5676.72 0 2.29119e+09 0 2.29112e+09 0 1.09622e+06 
0 1113.21 0 458614 0 6.62897e+07 0 632374 0 7.84071e+07 0 208680 0 113557 0 16292.7 0 39043.3 0 2.29112e+09 0 1.32276e+09 0 
0 0 0 0 0 0 0 0 0 0 0 0 0 0 0 0 0 0 0 0 0 0 0 
0 0 0 0 0 0 0 0 0 0 0 0 0 0 0 0 0 0 0 0 0 0 0 
0 0 0 0 0 0 0 0 0 0 0 0 0 0 0 0 0 0 0 0 0 0 0 
0 0 0 0 0 0 0 0 0 0 0 0 0 0 0 0 0 0 0 0 0 0 0 
0 0 0 0 0 0 0 0 0 0 0 0 0 0 0 0 0 0 0 0 0 0 0 
0 0 0 0 0 0 0 0 0 0 0 0 0 0 0 0 0 0 0 0 0 0 0 
0 0 0 0 0 0 0 0 0 0 0 0 0 0 0 0 0 0 0 0 0 0 0 
0 0 0 0 0 0 0 0 0 0 0 0 0 0 0 0 0 0 0 0 0 0 0 
0 0 0 0 0 0 0 0 0 0 0 0 0 0 0 0 0 0 0 0 0 0 0 
0 0 0 0 0 0 0 0 0 0 0 0 0 0 0 0 0 0 0 0 0 0 0 
0 0 0 0 0 0 0 0 0 0 0 0 0 0 0 0 0 0 0 0 0 0 0 
0 2726.76 0 435.24 0 9.8106e+08 0 4535.61 0 3.00105e+06 0 889.08 0 241337 0 610.08 0 15285.5 0 531.03 0 625307 0 
12939.1 0 2726.76 0 3.17995e+10 0 9.8106e+08 0 1.29685e+07 0 3.00105e+06 0 366890 0 241337 0 30292.9 0 164791 0 7.83643e+11 0 1.99421e+08 
0 12939.1 0 3.17995e+10 0 3.17995e+10 0 1.29685e+07 0 3.17611e+07 0 366890 0 366890 0 4.06474e+06 0 164791 0 7.83643e+11 0 7.83643e+11 0 
37884.5 0 6.46641e+10 0 1.07569e+11 0 5.81084e+09 0 3.17611e+07 0 3.17611e+07 0 366890 0 4.06474e+06 0 4.06474e+06 0 7.08596e+11 0 7.83643e+11 0 2.30278e+09 
0 1.01815e+11 0 2.50781e+12 0 1.07569e+11 0 1.28718e+07 0 3.17611e+07 0 278768 0 828665 0 4.06474e+06 0 932991 0 7.08596e+11 0 6.42209e+11 0 
4.36635e+11 0 2.50781e+12 0 2.50781e+12 0 6.76703e+09 0 1.06958e+09 0 295142 0 212409 0 828665 0 932991 0 1.81094e+16 0 6.43841e+11 0 6.42209e+11 
0 7.56276e+11 0 2.50781e+12 0 6.76703e+09 0 1.06958e+09 0 1.06958e+09 0 212409 0 147813 0 808697 0 1.81094e+16 0 1.81094e+16 0 6.43841e+11 0 
7.56276e+11 0 7.56281e+11 0 2.36768e+11 0 9.683e+08 0 1.06958e+09 0 7.88457e+08 0 147813 0 147813 0 1.02109e+09 0 1.81094e+16 0 3.32191e+13 0 1.62717e+09 
0 7.56281e+11 0 7.56281e+11 0 9.683e+08 0 1.46604e+08 0 7.88457e+08 0 2.64786e+07 0 147813 0 1.02109e+09 0 2.04217e+09 0 3.32191e+13 0 8.15051e+11 0 
204072 0 7.56281e+11 0 4.36648e+11 0 1.46604e+08 0 1.46604e+08 0 2.64786e+07 0 814683 0 25922.8 0 2.04217e+09 0 2.50107e+09 0 8.15051e+11 0 1.61815e+09 
0 370227 0 4.36648e+11 0 2.00837e+09 0 1.46604e+08 0 1.2005e+08 0 814683 0 269321 0 10534.1 0 2.50107e+09 0 2.50107e+09 0 1.61815e+09 0 
781.2 0 470278 0 2.00837e+09 0 5.11694e+07 0 1.2005e+08 0 6.05225e+07 0 269321 0 76247.9 0 28331.5 0 2.50107e+09 0 2.04208e+09 0 1.021e+09 
0 0 0 0 0 0 0 0 0 0 0 0 0 0 0 0 0 0 0 0 0 0 0 
0 0 0 0 0 0 0 0 0 0 0 0 0 0 0 0 0 0 0 0 0 0 0 
0 0 0 0 0 0 0 0 0 0 0 0 0 0 0 0 0 0 0 0 0 0 0 
0 0 0 0 0 0 0 0 0 0 0 0 0 0 0 0 0 0 0 0 0 0 0 
0 0 0 0 0 0 0 0 0 0 0 0 0 0 0 0 0 0 0 0 0 0 0 
0 0 0 0 0 0 0 0 0 0 0 0 0 0 0 0 0 0 0 0 0 0 0 
0 0 0 0 0 0 0 0 0 0 0 0 0 0 0 0 0 0 0 0 0 0 0 
0 0 0 0 0 0 0 0 0 0 0 0 0 0 0 0 0 0 0 0 0 0 0 
0 0 0 0 0 0 0 0 0 0 0 0 0 0 0 0 0 0 0 0 0 0 0 
0 0 0 0 0 0 0 0 0 0 0 0 0 0 0 0 0 0 0 0 0 0 0 
0 0 0 0 0 0 0 0 0 0 0 0 0 0 0 0 0 0 0 0 0 0 0 
10206.8 0 1776.3 0 10895 0 7.57276e+08 0 15527.3 0 2.31582e+06 0 1247.13 0 185817 0 1036.95 0 127711 0 5.13695e+08 0 1.53934e+08 
0 10206.8 0 5.32655e+10 0 7.65965e+08 0 7.57276e+08 0 5.63538e+06 0 2.31582e+06 0 327149 0 5.21011e+06 0 127711 0 2.62795e+09 0 5.13695e+08 0 
20252.6 0 5.32655e+10 0 2.61392e+11 0 7.65965e+08 0 6.20678e+07 0 5.63538e+06 0 416690 0 5.21011e+06 0 5.21011e+06 0 7.83377e+12 0 7.79135e+11 0 1.75332e+11 
0 1.99798e+10 0 2.61392e+11 0 2.61392e+11 0 6.20678e+07 0 2.42889e+07 0 416690 0 638105 0 5.21011e+06 0 7.83377e+12 0 7.83377e+12 0 7.79135e+11 0 
1.99798e+10 0 1.85772e+12 0 1.93234e+12 0 4.48543e+09 0 2.42889e+07 0 2.42889e+07 0 638105 0 2.51967e+06 0 2.51967e+06 0 9.00668e+15 0 7.79135e+11 0 4.95721e+11 
0 1.85772e+12 0 1.93234e+12 0 1.93234e+12 0 1.06689e+07 0 2.42889e+07 0 194701 0 880551 0 2.51967e+06 0 2.92347e+17 0 9.00668e+15 0 7.01058e+11 0 
6.74078e+11 0 1.85772e+12 0 1.93234e+12 0 4.52025e+09 0 9.94312e+08 0 282993 0 180441 0 880551 0 2.92347e+17 0 2.92347e+17 0 7.01058e+11 0 7.01058e+11 
0 8.25577e+11 0 1.75302e+12 0 4.52025e+09 0 9.94312e+08 0 9.94312e+08 0 180441 0 128360 0 7.88162e+08 0 2.92347e+17 0 1.39787e+16 0 7.01058e+11 0 
8.25577e+11 0 8.25577e+11 0 1.88893e+11 0 9.0554e+08 0 9.94312e+08 0 5.93698e+08 0 128360 0 7.88162e+08 0 1.76241e+09 0 1.39787e+16 0 2.56495e+13 0 1.25552e+09 
0 8.25577e+11 0 6.74086e+11 0 8.34731e+08 0 1.45957e+08 0 5.93698e+08 0 2.51364e+07 0 128360 0 1.76241e+09 0 2.49237e+09 0 2.56495e+13 0 6.28414e+11 0 
325650 0 6.74086e+11 0 3.37052e+11 0 1.45957e+08 0 1.45957e+08 0 4.66607e+07 0 608771 0 51300.7 0 2.49237e+09 0 2.49237e+09 0 6.28414e+11 0 8.5805e+08 
0 461526 0 3.37052e+11 0 1.55075e+09 0 1.45957e+08 0 1.03604e+08 0 4.66607e+07 0 207900 0 51300.7 0 2.49237e+09 0 2.49233e+09 0 1.07047e+09 0 
0 0 0 0 0 0 0 0 0 0 0 0 0 0 0 0 0 0 0 0 0 0 0 
0 0 0 0 0 0 0 0 0 0 0 0 0 0 0 0 0 0 0 0 0 0 0 
0 0 0 0 0 0 0 0 0 0 0 0 0 0 0 0 0 0 0 0 0 0 0 
0 0 0 0 0 0 0 0 0 0 0 0 0 0 0 0 0 0 0 0 0 0 0 
0 0 0 0 0 0 0 0 0 0 0 0 0 0 0 0 0 0 0 0 0 0 0 
0 0 0 0 0 0 0 0 0 0 0 0 0 0 0 0 0 0 0 0 0 0 0 
0 0 0 0 0 0 0 0 0 0 0 0 0 0 0 0 0 0 0 0 0 0 0 
0 0 0 0 0 0 0 0 0 0 0 0 0 0 0 0 0 0 0 0 0 0 0 
0 0 0 0 0 0 0 0 0 0 0 0 0 0 0 0 0 0 0 0 0 0 0 
0 0 0 0 0 0 0 0 0 0 0 0 0 0 0 0 0 0 0 0 0 0 0 
0 0 0 0 0 0 0 0 0 0 0 0 0 0 0 0 0 0 0 0 0 0 0 
0 6735.06 0 6.70344e+09 0 11961.7 0 5.8649e+08 0 31501.9 0 1.81534e+06 0 1945.56 0 4.02421e+06 0 1026.72 0 513856 0 2.777e+08 0 
7946.85 0 3.24734e+10 0 6.70344e+09 0 7.98063e+08 0 5.8649e+08 0 4.40694e+06 0 1.81534e+06 0 4.02421e+06 0 4.02421e+06 0 7.43551e+12 0 1.17484e+11 0 4.3135e+13 
0 3.24734e+10 0 9.87736e+12 0 7.98063e+08 0 7.98063e+08 0 6.32886e+06 0 4.40694e+06 0 3.77081e+06 0 4.02421e+06 0 7.43551e+12 0 7.43551e+12 0 4.3135e+13 0 
1.71659e+09 0 9.87736e+12 0 9.87736e+12 0 7.98063e+08 0 4.56945e+07 0 6.32886e+06 0 434488 0 3.77081e+06 0 6.04689e+12 0 3.97168e+24 0 5.50585e+11 0 3.05521e+15 
0 2.91137e+15 0 9.87736e+12 0 1.59913e+12 0 4.56945e+07 0 2.02172e+07 0 434488 0 825863 0 2.07679e+06 0 3.97168e+24 0 3.97168e+24 0 3.05521e+15 0 
2.91137e+15 0 2.91137e+15 0 2.01154e+12 0 3.4623e+09 0 7.00716e+09 0 2.02172e+07 0 825863 0 1.54714e+06 0 1.74679e+17 0 3.97168e+24 0 6.95211e+15 0 3.05521e+15 
0 2.91137e+15 0 2.01154e+12 0 2.01154e+12 0 7.00716e+09 0 7.00716e+09 0 169843 0 825863 0 1.74679e+17 0 2.2592e+17 0 6.95326e+15 0 6.6277e+11 0 
8.22702e+11 0 1.89491e+12 0 2.01154e+12 0 2.92168e+09 0 7.00716e+09 0 254388 0 159102 0 3.97567e+12 0 2.2592e+17 0 2.2592e+17 0 6.6277e+11 0 6.6277e+11 
0 8.22705e+11 0 1.20736e+12 0 2.92168e+09 0 8.69327e+08 0 8.69327e+08 0 159102 0 471565 0 3.97567e+12 0 2.2592e+17 0 1.07901e+16 0 6.6277e+11 0 
8.22705e+11 0 8.22705e+11 0 1.49187e+11 0 8.37597e+08 0 8.69327e+08 0 4.46254e+08 0 112138 0 1.49024e+09 0 2.35625e+09 0 1.07901e+16 0 1.98047e+13 0 9.68749e+08 
0 8.22705e+11 0 5.81746e+11 0 1.16684e+09 0 1.33902e+08 0 4.46254e+08 0 3.586e+07 0 505834 0 2.35625e+09 0 2.72072e+09 0 1.98047e+13 0 4.84247e+11 0 
435540 0 5.81746e+11 0 2.60173e+11 0 1.16684e+09 0 1.23172e+08 0 4.5681e+07 0 3.586e+07 0 505834 0 2.72072e+09 0 2.72072e+09 0 4.84247e+11 0 6.97268e+08 
0 0 0 0 0 0 0 0 0 0 0 0 0 0 0 0 0 0 0 0 0 0 0 
0 0 0 0 0 0 0 0 0 0 0 0 0 0 0 0 0 0 0 0 0 0 0 
0 0 0 0 0 0 0 0 0 0 0 0 0 0 0 0 0 0 0 0 0 0 0 
0 0 0 0 0 0 0 0 0 0 0 0 0 0 0 0 0 0 0 0 0 0 0 
0 0 0 0 0 0 0 0 0 0 0 0 0 0 0 0 0 0 0 0 0 0 0 
0 0 0 0 0 0 0 0 0 0 0 0 0 0 0 0 0 0 0 0 0 0 0 
0 0 0 0 0 0 0 0 0 0 0 0 0 0 0 0 0 0 0 0 0 0 0 
0 0 0 0 0 0 0 0 0 0 0 0 0 0 0 0 0 0 0 0 0 0 0 
0 0 0 0 0 0 0 0 0 0 0 0 0 0 0 0 0 0 0 0 0 0 0 
0 0 0 0 0 0 0 0 0 0 0 0 0 0 0 0 0 0 0 0 0 0 0 
0 0 0 0 0 0 0 0 0 0 0 0 0 0 0 0 0 0 0 0 0 0 0 
8040.78 0 25715.4 0 5.17438e+09 0 15591.5 0 4.52687e+08 0 63682.7 0 1.39976e+06 0 2057.16 0 3.1055e+06 0 1.14679e+10 0 1.67805e+08 0 3.32959e+13 
0 2.12736e+10 0 1.57282e+12 0 5.17438e+09 0 7.44131e+08 0 4.52687e+08 0 3.59254e+06 0 6.99022e+06 0 3.2754e+06 0 9.67679e+12 0 1.14679e+10 0 3.32959e+13 0 
2.12736e+10 0 1.4421e+14 0 1.57282e+12 0 7.46231e+08 0 7.44131e+08 0 1.63569e+07 0 6.99022e+06 0 6.99022e+06 0 9.67679e+12 0 inf 0 3.32053e+13 0 3.47431e+23 
0 4.03857e+20 0 1.4421e+14 0 7.46231e+08 0 7.46231e+08 0 1.63569e+07 0 5.75407e+06 0 6.99022e+06 0 1.76411e+09 0 inf 0 inf 0 3.47431e+23 0 
4.03857e+20 0 4.03857e+20 0 7.60875e+12 0 7.46231e+08 0 1.15376e+10 0 6.57325e+06 0 620176 0 3.13991e+06 0 inf 0 inf 0 inf 0 3.47431e+23 
0 4.03857e+20 0 7.60875e+12 0 3.92758e+12 0 1.15376e+10 0 1.15376e+10 0 620176 0 868475 0 2.62068e+17 0 inf 0 inf 0 2.3578e+15 0 
2.24716e+15 0 2.24716e+15 0 3.92758e+12 0 1.55271e+12 0 1.15376e+10 0 5.40872e+09 0 868475 0 2.62068e+17 0 2.62068e+17 0 inf 0 7.58937e+15 0 2.3578e+15 
0 2.24716e+15 0 1.80975e+12 0 1.80975e+12 0 5.40736e+09 0 5.40872e+09 0 150309 0 3.06882e+12 0 2.62068e+17 0 2.20433e+17 0 7.58937e+15 0 7.22665e+11 0 
8.98089e+11 0 1.66965e+12 0 1.80975e+12 0 1.83134e+09 0 4.7378e+09 0 220696 0 141181 0 3.06882e+12 0 2.20433e+17 0 1.74587e+17 0 5.9074e+11 0 7.22665e+11 
0 8.98089e+11 0 8.16817e+11 0 1.83134e+09 0 7.34994e+08 0 7.34994e+08 0 141181 0 4.83698e+09 0 3.06767e+12 0 1.74587e+17 0 8.32892e+15 0 5.9074e+11 0 
8.98089e+11 0 7.77772e+11 0 1.99927e+11 0 8.12213e+08 0 7.34994e+08 0 3.10178e+08 0 2.75871e+07 0 4.83698e+09 0 2.77821e+09 0 8.32892e+15 0 1.5291e+13 0 7.47376e+08 
0 7.77772e+11 0 4.91912e+11 0 1.99927e+11 0 8.12213e+08 0 3.10178e+08 0 2.75871e+07 0 2.75871e+07 0 2.77821e+09 0 2.77821e+09 0 1.5291e+13 0 3.7379e+11 0 
0 0 0 0 0 0 0 0 0 0 0 0 0 0 0 0 0 0 0 0 0 0 0 
0 0 0 0 0 0 0 0 0 0 0 0 0 0 0 0 0 0 0 0 0 0 0 
0 0 0 0 0 0 0 0 0 0 0 0 0 0 0 0 0 0 0 0 0 0 0 
0 0 0 0 0 0 0 0 0 0 0 0 0 0 0 0 0 0 0 0 0 0 0 
0 0 0 0 0 0 0 0 0 0 0 0 0 0 0 0 0 0 0 0 0 0 0 
0 0 0 0 0 0 0 0 0 0 0 0 0 0 0 0 0 0 0 0 0 0 0 
0 0 0 0 0 0 0 0 0 0 0 0 0 0 0 0 0 0 0 0 0 0 0 
0 0 0 0 0 0 0 0 0 0 0 0 0 0 0 0 0 0 0 0 0 0 0 
0 0 0 0 0 0 0 0 0 0 0 0 0 0 0 0 0 0 0 0 0 0 0 
0 0 0 0 0 0 0 0 0 0 0 0 0 0 0 0 0 0 0 0 0 0 0 
0 0 0 0 0 0 0 0 0 0 0 0 0 0 0 0 0 0 0 0 0 0 0 
0 5.1346e+09 0 6.03363e+06 0 3.99763e+09 0 23156.1 0 3.49608e+08 0 134604 0 5.50256e+06 0 2307.33 0 2.02274e+09 0 8.72252e+09 0 1.82932e+08 0 
1.64529e+10 0 5.1346e+09 0 1.2139e+12 0 3.99763e+09 0 6.61575e+08 0 3.49608e+08 0 5.50256e+06 0 5.50256e+06 0 7.08205e+12 0 inf 0 1.31194e+16 0 inf 
0 inf 0 1.21512e+12 0 4.00268e+12 0 7.9621e+08 0 6.61575e+08 0 5.09426e+06 0 5.67365e+06 0 7.08205e+12 0 inf 0 inf 0 inf 0 
inf 0 inf 0 4.00268e+12 0 4.00268e+12 0 7.9621e+08 0 8.75808e+06 0 5.67365e+06 0 1.35929e+09 0 inf 0 inf 0 inf 0 inf 
0 inf 0 inf 0 4.00268e+12 0 6.66783e+14 0 8.75808e+06 0 6.53715e+06 0 5.67365e+06 0 inf 0 inf 0 inf 0 inf 0 
inf 0 inf 0 6.54356e+12 0 6.66783e+14 0 6.66783e+14 0 6.53715e+06 0 753080 0 8.7688e+17 0 inf 0 inf 0 inf 0 inf 
0 inf 0 6.54356e+12 0 2.00011e+12 0 6.66783e+14 0 5.55002e+09 0 753080 0 2.22422e+16 0 8.7688e+17 0 inf 0 inf 0 1.81966e+15 0 
1.73459e+15 0 1.73447e+15 0 2.00011e+12 0 1.83971e+12 0 5.55002e+09 0 5.55002e+09 0 2.36882e+12 0 2.64332e+17 0 2.64332e+17 0 inf 0 7.17525e+15 0 1.81943e+15 
0 1.73447e+15 0 1.53204e+12 0 1.83971e+12 0 5.54865e+09 0 5.55002e+09 0 131246 0 3.34675e+12 0 2.64332e+17 0 2.17054e+17 0 7.17525e+15 0 7.20038e+11 0 
9.17065e+11 0 1.38368e+12 0 1.53204e+12 0 9.82105e+08 0 3.08976e+09 0 184884 0 3.84376e+09 0 3.34675e+12 0 2.17054e+17 0 1.34917e+17 0 5.09818e+11 0 7.20038e+11 
0 9.17065e+11 0 5.40074e+11 0 1.53698e+11 0 5.82028e+08 0 5.58681e+08 0 3.84414e+08 0 4.08595e+09 0 2.36627e+12 0 1.34917e+17 0 6.4291e+15 0 5.09818e+11 0 
9.17065e+11 0 7.1036e+11 0 2.42851e+11 0 1.53698e+11 0 5.82028e+08 0 2.40862e+08 0 3.84414e+08 0 4.08595e+09 0 2.71221e+09 0 6.4291e+15 0 1.18066e+13 0 2.88113e+11 
0 0 0 0 0 0 0 0 0 0 0 0 0 0 0 0 0 0 0 0 0 0 0 
0 0 0 0 0 0 0 0 0 0 0 0 0 0 0 0 0 0 0 0 0 0 0 
0 0 0 0 0 0 0 0 0 0 0 0 0 0 0 0 0 0 0 0 0 0 0 
0 0 0 0 0 0 0 0 0 0 0 0 0 0 0 0 0 0 0 0 0 0 0 
0 0 0 0 0 0 0 0 0 0 0 0 0 0 0 0 0 0 0 0 0 0 0 
0 0 0 0 0 0 0 0 0 0 0 0 0 0 0 0 0 0 0 0 0 0 0 
0 0 0 0 0 0 0 0 0 0 0 0 0 0 0 0 0 0 0 0 0 0 0 
0 0 0 0 0 0 0 0 0 0 0 0 0 0 0 0 0 0 0 0 0 0 0 
0 0 0 0 0 0 0 0 0 0 0 0 0 0 0 0 0 0 0 0 0 0 0 
0 0 0 0 0 0 0 0 0 0 0 0 0 0 0 0 0 0 0 0 0 0 0 
0 0 0 0 0 0 0 0 0 0 0 0 0 0 0 0 0 0 0 0 0 0 0 
1.33041e+10 0 3.9601e+09 0 1.41424e+09 0 3.08575e+09 0 38255.6 0 2.69759e+08 0 114638 0 4.24564e+06 0 6.23575e+06 0 inf 0 1.01269e+16 0 inf 
0 inf 0 5.94424e+10 0 1.06228e+10 0 3.08575e+09 0 5.74433e+08 0 2.69759e+08 0 4.25349e+06 0 1.14164e+13 0 inf 0 inf 0 inf 0 
inf 0 inf 0 2.34688e+12 0 1.06228e+10 0 7.92755e+08 0 5.74433e+08 0 1.40828e+07 0 1.14164e+13 0 inf 0 inf 0 inf 0 inf 
0 inf 0 2.34688e+12 0 3.08937e+12 0 6.18412e+14 0 7.92755e+08 0 1.40828e+07 0 4.51459e+06 0 inf 0 inf 0 0 0 inf 0 
inf 0 inf 0 3.08937e+12 0 6.18412e+14 0 6.18412e+14 0 6.39424e+06 0 6.16048e+06 0 inf 0 inf 0 0 0 inf 0 inf 
0 inf 0 inf 0 5.1469e+14 0 6.18412e+14 0 6.39424e+06 0 6.39424e+06 0 5.01075e+18 0 inf 0 inf 0 inf 0 inf 0 
inf 0 inf 0 5.25377e+12 0 5.1469e+14 0 5.14686e+14 0 6.39424e+06 0 7.2413e+15 0 5.01075e+18 0 inf 0 inf 0 inf 0 inf 
0 inf 0 5.25377e+12 0 1.84742e+12 0 5.14686e+14 0 4.90302e+09 0 1.82849e+12 0 2.04757e+17 0 4.73095e+17 0 inf 0 inf 0 1.98609e+15 0 
1.89346e+15 0 1.33873e+15 0 1.84742e+12 0 1.84742e+12 0 4.90302e+09 0 4.90302e+09 0 3.16327e+12 0 2.64009e+17 0 2.64009e+17 0 inf 0 6.39578e+15 0 1.40386e+15 
0 1.33873e+15 0 1.25363e+12 0 2.97317e+12 0 4.90179e+09 0 4.90302e+09 0 2.65683e+12 0 3.16327e+12 0 2.64009e+17 0 1.97272e+17 0 6.39578e+15 0 6.80909e+11 0 
8.95411e+11 0 1.10835e+12 0 2.97317e+12 0 2.97317e+12 0 1.95374e+09 0 2.65683e+12 0 2.65683e+12 0 3.15956e+12 0 1.97272e+17 0 1.0426e+17 0 8.89288e+12 0 6.80909e+11 
0 8.95411e+11 0 3.60882e+11 0 2.97317e+12 0 1.18191e+11 0 5.05296e+08 0 2.65683e+12 0 4.10742e+09 0 1.82443e+12 0 1.0426e+17 0 4.96263e+15 0 8.89288e+12 0 
0 0 0 0 0 0 0 0 0 0 0 0 0 0 0 0 0 0 0 0 0 0 0 
0 0 0 0 0 0 0 0 0 0 0 0 0 0 0 0 0 0 0 0 0 0 0 
0 0 0 0 0 0 0 0 0 0 0 0 0 0 0 0 0 0 0 0 0 0 0 
0 0 0 0 0 0 0 0 0 0 0 0 0 0 0 0 0 0 0 0 0 0 0 
0 0 0 0 0 0 0 0 0 0 0 0 0 0 0 0 0 0 0 0 0 0 0 
0 0 0 0 0 0 0 0 0 0 0 0 0 0 0 0 0 0 0 0 0 0 0 
0 0 0 0 0 0 0 0 0 0 0 0 0 0 0 0 0 0 0 0 0 0 0 
0 0 0 0 0 0 0 0 0 0 0 0 0 0 0 0 0 0 0 0 0 0 0 
0 0 0 0 0 0 0 0 0 0 0 0 0 0 0 0 0 0 0 0 0 0 0 
0 0 0 0 0 0 0 0 0 0 0 0 0 0 0 0 0 0 0 0 0 0 0 
0 0 0 0 0 0 0 0 0 0 0 0 0 0 0 0 0 0 inf 0 0 0 inf 
0 inf 0 4.59256e+10 0 3.80429e+09 0 2.39863e+09 0 69467.3 0 2.08422e+08 0 123582 0 5.99992e+12 0 inf 0 inf 0 inf 0 
inf 0 inf 0 4.59256e+10 0 8.26718e+09 0 2.39863e+09 0 4.80037e+08 0 2.08422e+08 0 8.81234e+12 0 inf 0 0 0 0 0 0 
0 inf 0 4.59256e+10 0 4.30835e+10 0 4.49761e+18 0 7.53818e+08 0 4.80037e+08 0 8.81234e+12 0 inf 0 inf 0 0 0 0 0 
0 0 0 0 4.30835e+10 0 4.49761e+18 0 4.49761e+18 0 7.53818e+08 0 6.34786e+06 0 inf 0 inf 0 0 0 0 0 0 
0 0 0 0 0 3.97296e+14 0 4.49761e+18 0 4.77352e+14 0 6.50615e+06 0 inf 0 inf 0 0 0 0 0 0 0 
inf 0 inf 0 3.97296e+14 0 5.61849e+14 0 4.77352e+14 0 9.2709e+06 0 1.3066e+22 0 inf 0 inf 0 0 0 inf 0 inf 
0 inf 0 inf 0 5.61849e+14 0 5.61849e+14 0 1.50706e+07 0 1.11934e+13 0 1.3066e+22 0 inf 0 inf 0 inf 0 inf 0 
inf 0 inf 0 4.19358e+12 0 5.61849e+14 0 3.97282e+14 0 1.41141e+12 0 1.58149e+17 0 3.72713e+18 0 inf 0 inf 0 inf 0 inf 
0 inf 0 4.19358e+12 0 1.91661e+12 0 3.97282e+14 0 4.0739e+09 0 2.8203e+12 0 2.57892e+17 0 2.57892e+17 0 inf 0 inf 0 1.87727e+15 0 
1.78998e+15 0 1.03326e+15 0 2.30691e+12 0 1.91661e+12 0 4.0739e+09 0 1.46993e+12 0 3.44885e+12 0 2.57892e+17 0 2.54393e+17 0 inf 0 5.51995e+15 0 1.08312e+15 
0 1.03326e+15 0 2.30691e+12 0 2.30691e+12 0 9.08415e+10 0 1.46993e+12 0 2.0508e+12 0 3.44885e+12 0 2.54393e+17 0 1.72232e+17 0 5.51995e+15 0 4.54623e+13 0 
4.24564e+11 0 5.82092e+11 0 2.30691e+12 0 2.29531e+12 0 9.08415e+10 0 2.0508e+12 0 2.0508e+12 0 2.81215e+12 0 1.72232e+17 0 8.05697e+16 0 3.82379e+15 0 6.69544e+12 
0 0 0 0 0 0 0 0 0 0 0 0 0 0 0 0 0 0 0 0 0 0 0 
0 0 0 0 0 0 0 0 0 0 0 0 0 0 0 0 0 0 0 0 0 0 0 
0 0 0 0 0 0 0 0 0 0 0 0 0 0 0 0 0 0 0 0 0 0 0 
0 0 0 0 0 0 0 0 0 0 0 0 0 0 0 0 0 0 0 0 0 0 0 
0 0 0 0 0 0 0 0 0 0 0 0 0 0 0 0 0 0 0 0 0 0 0 
0 0 0 0 0 0 0 0 0 0 0 0 0 0 0 0 0 0 0 0 0 0 0 
0 0 0 0 0 0 0 0 0 0 0 0 0 0 0 0 0 0 0 0 0 0 0 
0 0 0 0 0 0 0 0 0 0 0 0 0 0 0 0 0 0 0 0 0 0 0 
0 0 0 0 0 0 0 0 0 0 0 0 0 0 0 0 0 0 0 0 0 0 0 
0 0 0 0 0 0 0 0 0 0 0 0 0 0 0 0 0 0 inf 0 0 0 inf 
0 inf 0 0 0 0 0 0 0 0 0 0 0 0 0 0 0 inf 0 inf 0 inf 0 
inf 0 inf 0 4.65091e+10 0 6.47302e+09 0 1.85145e+09 0 134633 0 1.60785e+08 0 169499 0 0 0 0 0 0 0 0 
0 0 0 4.65091e+10 0 4.65091e+10 0 1.00728e+18 0 1.85145e+09 0 4.01988e+08 0 1.33051e+13 0 inf 0 0 0 0 0 0 0 
0 0 0 0 4.65091e+10 0 3.4717e+18 0 1.00728e+18 0 7.26316e+08 0 1.33051e+13 0 inf 0 inf 0 0 0 0 0 0 
0 0 0 0 0 3.4717e+18 0 3.4717e+18 0 3.68468e+14 0 6.85695e+08 0 inf 0 inf 0 0 0 0 0 0 0 
0 0 0 0 0 0 3.4717e+18 0 3.47139e+18 0 3.68468e+14 0 inf 0 inf 0 0 0 0 0 0 0 0 
0 0 0 0 0 5.31165e+14 0 3.47139e+18 0 4.83356e+14 0 inf 0 inf 0 inf 0 0 0 0 0 0 0 
inf 0 inf 0 5.31165e+14 0 5.31165e+14 0 4.83356e+14 0 8.62052e+12 0 inf 0 inf 0 inf 0 0 0 inf 0 inf 
0 inf 0 inf 0 5.31165e+14 0 5.31159e+14 0 1.08946e+12 0 1.22074e+17 0 inf 0 inf 0 inf 0 inf 0 inf 0 
inf 0 inf 0 1.95797e+15 0 5.31159e+14 0 3.06659e+14 0 2.17843e+12 0 2.33513e+17 0 2.67841e+18 0 inf 0 inf 0 inf 0 inf 
0 inf 0 1.95797e+15 0 1.95797e+15 0 3.16466e+14 0 1.13378e+12 0 2.73272e+12 0 2.79616e+17 0 2.79616e+17 0 inf 0 inf 0 1.67288e+15 0 
1.59536e+15 0 7.97248e+14 0 1.95797e+15 0 3.16466e+14 0 3.16466e+14 0 1.9475e+12 0 3.43249e+12 0 2.79616e+17 0 2.37135e+17 0 inf 0 2.94663e+15 0 8.35747e+14 
0 7.97248e+14 0 2.3611e+12 0 2.3611e+12 0 3.16466e+14 0 1.9475e+12 0 1.9475e+12 0 3.43249e+12 0 2.37135e+17 0 1.46773e+17 0 5.92708e+16 0 2.94663e+15 0 
0 0 0 0 0 0 0 0 0 0 0 0 0 0 0 0 0 0 0 0 0 0 0 
0 0 0 0 0 0 0 0 0 0 0 0 0 0 0 0 0 0 0 0 0 0 0 
0 0 0 0 0 0 0 0 0 0 0 0 0 0 0 0 0 0 0 0 0 0 0 
0 0 0 0 0 0 0 0 0 0 0 0 0 0 0 0 0 0 0 0 0 0 0 
0 0 0 0 0 0 0 0 0 0 0 0 0 0 0 0 0 0 0 0 0 0 0 
0 0 0 0 0 0 0 0 0 0 0 0 0 0 0 0 0 0 0 0 0 0 0 
0 0 0 0 0 0 0 0 0 0 0 0 0 0 0 0 0 0 0 0 0 0 0 
0 0 0 0 0 0 0 0 0 0 0 0 0 0 0 0 0 0 0 0 0 0 0 
0 0 0 0 0 0 0 0 0 0 0 0 0 0 0 0 0 0 inf 0 0 0 inf 
0 inf 0 0 0 0 0 0 0 0 0 0 0 0 0 0 0 inf 0 inf 0 inf 0 
inf 0 inf 0 0 0 0 0 0 0 0 0 0 0 0 0 0 0 0 0 0 0 0 
0 0 0 0 0 3.09623e+10 0 7.77517e+17 0 1.53507e+09 0 279804 0 1.02702e+13 0 0 0 0 0 0 0 0 0 
0 0 0 0 3.09623e+10 0 7.33083e+18 0 7.77517e+17 0 1.53507e+09 0 1.02702e+13 0 inf 0 0 0 0 0 0 0 0 
0 0 0 0 0 7.33083e+18 0 7.33083e+18 0 4.05668e+18 0 1.02699e+13 0 inf 0 inf 0 0 0 0 0 0 0 
0 0 0 0 0 0 7.33083e+18 0 4.05668e+18 0 4.05668e+18 0 inf 0 inf 0 0 0 0 0 0 0 0 
0 0 0 0 0 0 0 2.67923e+18 0 4.05668e+18 0 inf 0 inf 0 0 0 0 0 0 0 0 0 
0 0 0 0 0 0 2.67923e+18 0 2.67923e+18 0 inf 0 inf 0 0 0 0 0 0 0 0 0 0 
0 0 0 0 0 5.79833e+14 0 2.67923e+18 0 5.01295e+14 0 inf 0 inf 0 inf 0 0 0 0 0 0 0 
inf 0 inf 0 5.79833e+14 0 5.79833e+14 0 5.01295e+14 0 9.42282e+16 0 inf 0 inf 0 inf 0 0 0 inf 0 inf 
0 inf 0 inf 0 5.79833e+14 0 1.40228e+25 0 3.67969e+13 0 2.03391e+17 0 inf 0 inf 0 inf 0 inf 0 inf 0 
inf 0 inf 0 1.51134e+15 0 1.40228e+25 0 1.40228e+25 0 3.67969e+13 0 2.81199e+17 0 1.8522e+18 0 inf 0 inf 0 inf 0 inf 
0 inf 0 1.51134e+15 0 1.50954e+15 0 1.40228e+25 0 3.67969e+13 0 2.25882e+12 0 2.82999e+17 0 2.82999e+17 0 inf 0 inf 0 2.2705e+15 0 
1.37644e+15 0 6.15396e+14 0 1.50954e+15 0 2.44283e+14 0 2.44283e+14 0 1.69303e+12 0 2.7289e+12 0 2.82999e+17 0 2.15269e+17 0 inf 0 4.35124e+16 0 2.2705e+15 
0 0 0 0 0 0 0 0 0 0 0 0 0 0 0 0 0 0 0 0 0 0 0 
0 0 0 0 0 0 0 0 0 0 0 0 0 0 0 0 0 0 0 0 0 0 0 
0 0 0 0 0 0 0 0 0 0 0 0 0 0 0 0 0 0 0 0 0 0 0 
0 0 0 0 0 0 0 0 0 0 0 0 0 0 0 0 0 0 0 0 0 0 0 
0 0 0 0 0 0 0 0 0 0 0 0 0 0 0 0 0 0 0 0 0 0 0 
0 0 0 0 0 0 0 0 0 0 0 0 0 0 0 0 0 0 0 0 0 0 0 
0 0 0 0 0 0 0 0 0 0 0 0 0 0 0 0 0 0 0 0 0 0 0 
0 0 0 0 0 0 0 0 0 0 0 0 0 0 0 0 0 0 inf 0 0 0 inf 
0 inf 0 0 0 0 0 0 0 0 0 0 0 0 0 0 0 inf 0 inf 0 inf 0 
inf 0 inf 0 0 0 0 0 0 0 0 0 0 0 0 0 0 0 0 0 0 0 0 
0 0 0 0 0 0 0 0 0 0 0 0 0 0 0 0 0 0 0 0 0 0 0 
0 0 0 0 0 0 2.26603e+11 0 8.48762e+17 0 1.18471e+09 0 305439 0 0 0 0 0 0 0 0 0 0 
0 0 0 0 0 2.26603e+11 0 8.48762e+17 0 8.48762e+17 0 2.04405e+13 0 inf 0 0 0 0 0 0 0 0 0 
0 0 0 0 0 0 5.36704e+17 0 2.46942e+18 0 2.04405e+13 0 inf 0 inf 0 0 0 0 0 0 0 0 
0 0 0 0 0 0 0 2.46942e+18 0 3.13099e+18 0 inf 0 inf 0 0 0 0 0 0 0 0 0 
0 0 0 0 0 0 0 0 3.13099e+18 0 inf 0 inf 0 0 0 0 0 0 0 0 0 0 
0 0 0 0 0 0 0 2.06777e+18 0 inf 0 inf 0 0 0 0 0 0 0 0 0 0 0 
0 0 0 0 0 0 2.06777e+18 0 2.06777e+18 0 inf 0 inf 0 0 0 0 0 0 0 0 0 0 
0 0 0 0 0 5.77811e+14 0 inf 0 1.27156e+20 0 inf 0 inf 0 inf 0 0 0 0 0 0 0 
inf 0 inf 0 5.77811e+14 0 inf 0 inf 0 1.27156e+20 0 inf 0 inf 0 inf 0 0 0 inf 0 inf 
0 inf 0 inf 0 inf 0 inf 0 inf 0 2.67882e+17 0 inf 0 inf 0 inf 0 inf 0 inf 0 
inf 0 inf 0 1.64803e+15 0 inf 0 inf 0 2.70967e+13 0 3.07947e+17 0 1.21637e+18 0 inf 0 inf 0 inf 0 inf 
0 inf 0 1.64803e+15 0 1.16521e+15 0 inf 0 1.87255e+14 0 2.07459e+12 0 3.07947e+17 0 2.74462e+17 0 inf 0 inf 0 6.13247e+18 0 
0 0 0 0 0 0 0 0 0 0 0 0 0 0 0 0 0 0 0 0 0 0 0 
0 0 0 0 0 0 0 0 0 0 0 0 0 0 0 0 0 0 0 0 0 0 0 
0 0 0 0 0 0 0 0 0 0 0 0 0 0 0 0 0 0 0 0 0 0 0 
0 0 0 0 0 0 0 0 0 0 0 0 0 0 0 0 0 0 0 0 0 0 0 
0 0 0 0 0 0 0 0 0 0 0 0 0 0 0 0 0 0 0 0 0 0 0 
0 0 0 0 0 0 0 0 0 0 0 0 0 0 0 0 0 0 0 0 0 0 0 
0 0 0 0 0 0 0 0 0 0 0 0 0 0 0 0 0 0 inf 0 0 0 inf 
0 inf 0 0 0 0 0 0 0 0 0 0 0 0 0 0 0 inf 0 inf 0 inf 0 
inf 0 inf 0 0 0 0 0 0 0 0 0 0 0 0 0 0 0 0 0 0 0 0 
0 0 0 0 0 0 0 0 0 0 0 0 0 0 0 0 0 0 0 0 0 0 0 
0 0 0 0 0 0 0 0 0 0 0 0 0 0 0 0 0 0 0 0 0 0 0 
0 0 0 0 0 0 0 2.06951e+11 0 6.55159e+17 0 1.5778e+13 0 0 0 0 0 0 0 0 0 0 0 
0 0 0 0 0 0 2.06951e+11 0 2.08401e+18 0 6.55159e+17 0 inf 0 0 0 0 0 0 0 0 0 0 
0 0 0 0 0 0 0 2.08401e+18 0 2.08401e+18 0 inf 0 inf 0 0 0 0 0 0 0 0 0 
0 0 0 0 0 0 0 0 2.08401e+18 0 inf 0 inf 0 0 0 0 0 0 0 0 0 0 
0 0 0 0 0 0 0 0 0 inf 0 inf 0 0 0 0 0 0 0 0 0 0 0 
0 0 0 0 0 0 0 0 inf 0 inf 0 0 0 0 0 0 0 0 0 0 0 0 
0 0 0 0 0 0 0 inf 0 inf 0 inf 0 0 0 0 0 0 0 0 0 0 0 
0 0 0 0 0 0 inf 0 inf 0 inf 0 inf 0 0 0 0 0 0 0 0 0 0 
0 0 0 0 0 inf 0 inf 0 inf 0 inf 0 inf 0 inf 0 0 0 0 0 0 0 
inf 0 inf 0 inf 0 inf 0 inf 0 inf 0 inf 0 inf 0 inf 0 0 0 inf 0 inf 
0 inf 0 inf 0 inf 0 inf 0 inf 0 3.15055e+17 0 inf 0 inf 0 inf 0 inf 0 inf 0 
inf 0 inf 0 1.37951e+15 0 inf 0 inf 0 1.45591e+14 0 3.18412e+17 0 7.43054e+17 0 inf 0 inf 0 inf 0 inf 
0 0 0 0 0 0 0 0 0 0 0 0 0 0 0 0 0 0 0 0 0 0 0 
0 0 0 0 0 0 0 0 0 0 0 0 0 0 0 0 0 0 0 0 0 0 0 
0 0 0 0 0 0 0 0 0 0 0 0 0 0 0 0 0 0 0 0 0 0 0 
0 0 0 0 0 0 0 0 0 0 0 0 0 0 0 0 0 0 0 0 0 0 0 
0 0 0 0 0 0 0 0 0 0 0 0 0 0 0 0 0 0 0 0 0 0 0 
0 0 0 0 0 0 0 0 0 0 0 0 0 0 0 0 0 0 inf 0 0 0 inf 
0 inf 0 0 0 0 0 0 0 0 0 0 0 0 0 0 0 inf 0 inf 0 inf 0 
inf 0 inf 0 0 0 0 0 0 0 0 0 0 0 0 0 0 0 0 0 0 0 0 
0 0 0 0 0 0 0 0 0 0 0 0 0 0 0 0 0 0 0 0 0 0 0 
0 0 0 0 0 0 0 0 0 0 0 0 0 0 0 0 0 0 0 0 0 0 0 
0 0 0 0 0 0 0 0 0 0 0 0 0 0 0 0 0 0 0 0 0 0 0 
0 0 0 0 0 0 0 0 5.32657e+11 0 5.05705e+17 0 0 0 0 0 0 0 0 0 0 0 0 
0 0 0 0 0 0 0 5.32657e+11 0 1.68626e+18 0 inf 0 0 0 0 0 0 0 0 0 0 0 
0 0 0 0 0 0 0 0 1.68626e+18 0 inf 0 inf 0 0 0 0 0 0 0 0 0 0 
0 0 0 0 0 0 0 0 0 inf 0 inf 0 0 0 0 0 0 0 0 0 0 0 
0 0 0 0 0 0 0 0 0 0 inf 0 0 0 0 0 0 0 0 0 0 0 0 
0 0 0 0 0 0 0 0 0 0 0 0 0 0 0 0 0 0 0 0 0 0 0 
0 0 0 0 0 0 0 0 0 0 0 0 0 0 0 0 0 0 0 0 0 0 0 
0 0 0 0 0 0 0 0 0 0 0 0 0 0 0 0 0 0 0 0 0 0 0 
0 0 0 0 0 0 0 0 0 0 inf 0 inf 0 0 0 0 0 0 0 0 0 0 
0 0 0 0 0 inf 0 0 0 inf 0 inf 0 inf 0 inf 0 0 0 0 0 0 0 
inf 0 inf 0 inf 0 inf 0 inf 0 inf 0 inf 0 inf 0 inf 0 0 0 inf 0 inf 
0 inf 0 inf 0 inf 0 inf 0 inf 0 3.4576e+17 0 inf 0 inf 0 inf 0 inf 0 inf 0 
0 0 0 0 0 0 0 0 0 0 0 0 0 0 0 0 0 0 0 0 0 0 0 
0 0 0 0 0 0 0 0 0 0 0 0 0 0 0 0 0 0 0 0 0 0 0 
0 0 0 0 0 0 0 0 0 0 0 0 0 0 0 0 0 0 0 0 0 0 0 
0 0 0 0 0 0 0 0 0 0 0 0 0 0 0 0 0 0 0 0 0 0 0 
0 0 0 0 0 0 0 0 0 0 0 0 0 0 0 0 0 0 inf 0 0 0 inf 
0 inf 0 0 0 0 0 0 0 0 0 0 0 0 0 0 0 inf 0 inf 0 inf 0 
inf 0 inf 0 0 0 0 0 0 0 0 0 0 0 0 0 0 0 0 0 0 0 0 
0 0 0 0 0 0 0 0 0 0 0 0 0 0 0 0 0 0 0 0 0 0 0 
0 0 0 0 0 0 0 0 0 0 0 0 0 0 0 0 0 0 0 0 0 0 0 
0 0 0 0 0 0 0 0 0 0 0 0 0 0 0 0 0 0 0 0 0 0 0 
0 0 0 0 0 0 0 0 0 0 0 0 0 0 0 0 0 0 0 0 0 0 0 
0 0 0 0 0 0 0 0 0 1.43132e+12 0 0 0 0 0 0 0 0 0 0 0 0 0 
0 0 0 0 0 0 0 0 1.43132e+12 0 inf 0 0 0 0 0 0 0 0 0 0 0 0 
0 0 0 0 0 0 0 0 0 inf 0 inf 0 0 0 0 0 0 0 0 0 0 0 
0 0 0 0 0 0 0 0 0 0 inf 0 0 0 0 0 0 0 0 0 0 0 0 
0 0 0 0 0 0 0 0 0 0 0 0 0 0 0 0 0 0 0 0 0 0 0 
0 0 0 0 0 0 0 0 0 0 0 0 0 0 0 0 0 0 0 0 0 0 0 
0 0 0 0 0 0 0 0 0 0 0 0 0 0 0 0 0 0 0 0 0 0 0 
0 0 0 0 0 0 0 0 0 0 0 0 0 0 0 0 0 0 0 0 0 0 0 
0 0 0 0 0 0 0 0 0 0 0 0 0 0 0 0 0 0 0 0 0 0 0 
0 0 0 0 0 0 0 0 0 0 inf 0 inf 0 0 0 0 0 0 0 0 0 0 
0 0 0 0 0 inf 0 0 0 inf 0 inf 0 inf 0 inf 0 0 0 0 0 0 0 
0 0 0 0 inf 0 inf 0 inf 0 inf 0 inf 0 inf 0 inf 0 0 0 0 0 0 
0 0 0 0 0 0 0 0 0 0 0 0 0 0 0 0 0 0 0 0 0 0 0 
0 0 0 0 0 0 0 0 0 0 0 0 0 0 0 0 0 0 0 0 0 0 0 
0 0 0 0 0 0 0 0 0 0 0 0 0 0 0 0 0 0 0 0 0 0 0 
0 0 0 0 0 0 0 0 0 0 0 0 0 0 0 0 0 0 inf 0 0 0 inf 
0 inf 0 0 0 0 0 0 0 0 0 0 0 0 0 0 0 inf 0 inf 0 inf 0 
inf 0 inf 0 0 0 0 0 0 0 0 0 0 0 0 0 0 0 0 0 0 0 0 
0 0 0 0 0 0 0 0 0 0 0 0 0 0 0 0 0 0 0 0 0 0 0 
0 0 0 0 0 0 0 0 0 0 0 0 0 0 0 0 0 0 0 0 0 0 0 
0 0 0 0 0 0 0 0 0 0 0 0 0 0 0 0 0 0 0 0 0 0 0 
0 0 0 0 0 0 0 0 0 0 0 0 0 0 0 0 0 0 0 0 0 0 0 
0 0 0 0 0 0 0 0 0 0 0 0 0 0 0 0 0 0 0 0 0 0 0 
0 0 0 0 0 0 0 0 0 0 0 0 0 0 0 0 0 0 0 0 0 0 0 
0 0 0 0 0 0 0 0 0 0 0 0 0 0 0 0 0 0 0 0 0 0 0 
0 0 0 0 0 0 0 0 0 0 0 0 0 0 0 0 0 0 0 0 0 0 0 
0 0 0 0 0 0 0 0 0 0 0 0 0 0 0 0 0 0 0 0 0 0 0 
0 0 0 0 0 0 0 0 0 0 0 0 0 0 0 0 0 0 0 0 0 0 0 
0 0 0 0 0 0 0 0 0 0 0 0 0 0 0 0 0 0 0 0 0 0 0 
0 0 0 0 0 0 0 0 0 0 0 0 0 0 0 0 0 0 0 0 0 0 0 
0 0 0 0 0 0 0 0 0 0 0 0 0 0 0 0 0 0 0 0 0 0 0 
0 0 0 0 0 0 0 0 0 0 0 0 0 0 0 0 0 0 0 0 0 0 0 
0 0 0 0 0 0 0 0 0 0 0 0 0 0 0 0 0 0 0 0 0 0 0 
0 0 0 0 0 0 0 0 0 0 inf 0 inf 0 0 0 0 0 0 0 0 0 0 
0 0 0 0 0 0 0 0 0 inf 0 inf 0 inf 0 0 0 0 0 0 0 0 0 
0 0 0 0 0 0 0 0 0 0 0 0 0 0 0 0 0 0 0 0 0 0 0 
0 0 0 0 0 0 0 0 0 0 0 0 0 0 0 0 0 0 0 0 0 0 0 
0 0 0 0 0 0 0 0 0 0 0 0 0 0 0 0 0 0 inf 0 0 0 inf 
0 inf 0 0 0 0 0 0 0 0 0 0 0 0 0 0 0 inf 0 inf 0 inf 0 
inf 0 inf 0 0 0 0 0 0 0 0 0 0 0 0 0 0 0 0 0 0 0 0 
0 0 0 0 0 0 0 0 0 0 0 0 0 0 0 0 0 0 0 0 0 0 0 
0 0 0 0 0 0 0 0 0 0 0 0 0 0 0 0 0 0 0 0 0 0 0 
0 0 0 0 0 0 0 0 0 0 0 0 0 0 0 0 0 0 0 0 0 0 0 
0 0 0 0 0 0 0 0 0 0 0 0 0 0 0 0 0 0 0 0 0 0 0 
0 0 0 0 0 0 0 0 0 0 0 0 0 0 0 0 0 0 0 0 0 0 0 
0 0 0 0 0 0 0 0 0 0 0 0 0 0 0 0 0 0 0 0 0 0 0 
0 0 0 0 0 0 0 0 0 0 0 0 0 0 0 0 0 0 0 0 0 0 0 
0 0 0 0 0 0 0 0 0 0 0 0 0 0 0 0 0 0 0 0 0 0 0 
0 0 0 0 0 0 0 0 0 0 0 0 0 0 0 0 0 0 0 0 0 0 0 
0 0 0 0 0 0 0 0 0 0 0 0 0 0 0 0 0 0 0 0 0 0 0 
0 0 0 0 0 0 0 0 0 0 0 0 0 0 0 0 0 0 0 0 0 0 0 
0 0 0 0 0 0 0 0 0 0 0 0 0 0 0 0 0 0 0 0 0 0 0 
0 0 0 0 0 0 0 0 0 0 0 0 0 0 0 0 0 0 0 0 0 0 0 
0 0 0 0 0 0 0 0 0 0 0 0 0 0 0 0 0 0 0 0 0 0 0 
0 0 0 0 0 0 0 0 0 0 0 0 0 0 0 0 0 0 0 0 0 0 0 
0 0 0 0 0 0 0 0 0 0 0 0 0 0 0 0 0 0 0 0 0 0 0 
0 0 0 0 0 0 0 0 0 0 0 0 0 0 0 0 0 0 0 0 0 0 0 
0 0 0 0 0 0 0 0 0 0 0 0 0 0 0 0 0 0 0 0 0 0 0 
0 0 0 0 0 0 0 0 0 0 0 0 0 0 0 0 0 0 0 0 0 0 0 
0 0 0 0 0 0 0 0 0 0 0 0 0 0 0 0 0 0 inf 0 0 0 inf 
0 inf 0 0 0 0 0 0 0 0 0 0 0 0 0 0 0 inf 0 inf 0 inf 0 
inf 0 inf 0 0 0 0 0 0 0 0 0 0 0 0 0 0 0 0 0 0 0 0 
0 0 0 0 0 0 0 0 0 0 0 0 0 0 0 0 0 0 0 0 0 0 0 
0 0 0 0 0 0 0 0 0 0 0 0 0 0 0 0 0 0 0 0 0 0 0 
0 0 0 0 0 0 0 0 0 0 0 0 0 0 0 0 0 0 0 0 0 0 0 
0 0 0 0 0 0 0 0 0 0 0 0 0 0 0 0 0 0 0 0 0 0 0 
0 0 0 0 0 0 0 0 0 0 0 0 0 0 0 0 0 0 0 0 0 0 0 
0 0 0 0 0 0 0 0 0 0 0 0 0 0 0 0 0 0 0 0 0 0 0 
0 0 0 0 0 0 0 0 0 0 0 0 0 0 0 0 0 0 0 0 0 0 0 
0 0 0 0 0 0 0 0 0 0 0 0 0 0 0 0 0 0 0 0 0 0 0 
0 0 0 0 0 0 0 0 0 0 0 0 0 0 0 0 0 0 0 0 0 0 0 
0 0 0 0 0 0 0 0 0 0 0 0 0 0 0 0 0 0 0 0 0 0 0 
0 0 0 0 0 0 0 0 0 0 0 0 0 0 0 0 0 0 0 0 0 0 0 
0 0 0 0 0 0 0 0 0 0 0 0 0 0 0 0 0 0 0 0 0 0 0 
0 0 0 0 0 0 0 0 0 0 0 0 0 0 0 0 0 0 0 0 0 0 0 
0 0 0 0 0 0 0 0 0 0 0 0 0 0 0 0 0 0 0 0 0 0 0 
0 0 0 0 0 0 0 0 0 0 0 0 0 0 0 0 0 0 0 0 0 0 0 
0 0 0 0 0 0 0 0 0 0 0 0 0 0 0 0 0 0 0 0 0 0 0 
0 0 0 0 0 0 0 0 0 0 0 0 0 0 0 0 0 0 0 0 0 0 0 
0 0 0 0 0 0 0 0 0 0 0 0 0 0 0 0 0 0 0 0 0 0 0 
0 0 0 0 0 0 0 0 0 0 0 0 0 0 0 0 0 0 0 0 0 0 0 
0 0 0 0 0 0 0 0 0 0 0 0 0 0 0 0 0 0 inf 0 0 0 inf 
0 inf 0 0 0 0 0 0 0 0 0 0 0 0 0 0 0 inf 0 inf 0 inf 0 
inf 0 inf 0 0 0 0 0 0 0 0 0 0 0 0 0 0 0 0 0 0 0 0 
0 0 0 0 0 0 0 0 0 0 0 0 0 0 0 0 0 0 0 0 0 0 0 
0 0 0 0 0 0 0 0 0 0 0 0 0 0 0 0 0 0 0 0 0 0 0 
0 0 0 0 0 0 0 0 0 0 0 0 0 0 0 0 0 0 0 0 0 0 0 
0 0 0 0 0 0 0 0 0 0 0 0 0 0 0 0 0 0 0 0 0 0 0 
0 0 0 0 0 0 0 0 0 0 0 0 0 0 0 0 0 0 0 0 0 0 0 
0 0 0 0 0 0 0 0 0 0 0 0 0 0 0 0 0 0 0 0 0 0 0 
0 0 0 0 0 0 0 0 0 0 0 0 0 0 0 0 0 0 0 0 0 0 0 
0 0 0 0 0 0 0 0 0 0 0 0 0 0 0 0 0 0 0 0 0 0 0 
0 0 0 0 0 0 0 0 0 0 0 0 0 0 0 0 0 0 0 0 0 0 0 
0 0 0 0 0 0 0 0 0 0 0 0 0 0 0 0 0 0 0 0 0 0 0 
0 0 0 0 0 0 0 0 0 0 0 0 0 0 0 0 0 0 0 0 0 0 0 
0 0 0 0 0 0 0 0 0 0 0 0 0 0 0 0 0 0 0 0 0 0 0 
0 0 0 0 0 0 0 0 0 0 0 0 0 0 0 0 0 0 0 0 0 0 0 
0 0 0 0 0 0 0 0 0 0 0 0 0 0 0 0 0 0 0 0 0 0 0 
0 0 0 0 0 0 0 0 0 0 0 0 0 0 0 0 0 0 0 0 0 0 0 
0 0 0 0 0 0 0 0 0 0 0 0 0 0 0 0 0 0 0 0 0 0 0 
0 0 0 0 0 0 0 0 0 0 0 0 0 0 0 0 0 0 0 0 0 0 0 
0 0 0 0 0 0 0 0 0 0 0 0 0 0 0 0 0 0 0 0 0 0 0 
0 0 0 0 0 0 0 0 0 0 0 0 0 0 0 0 0 0 0 0 0 0 0 
0 0 0 0 0 0 0 0 0 0 0 0 0 0 0 0 0 0 0 0 0 0 0 
0 inf 0 0 0 0 0 0 0 0 0 0 0 0 0 0 0 inf 0 inf 0 inf 0 
inf 0 inf 0 0 0 0 0 0 0 0 0 0 0 0 0 0 0 0 0 0 0 0 
0 0 0 0 0 0 0 0 0 0 0 0 0 0 0 0 0 0 0 0 0 0 0 
0 0 0 0 0 0 0 0 0 0 0 0 0 0 0 0 0 0 0 0 0 0 0 
0 0 0 0 0 0 0 0 0 0 0 0 0 0 0 0 0 0 0 0 0 0 0 
0 0 0 0 0 0 0 0 0 0 0 0 0 0 0 0 0 0 0 0 0 0 0 
0 0 0 0 0 0 0 0 0 0 0 0 0 0 0 0 0 0 0 0 0 0 0 
0 0 0 0 0 0 0 0 0 0 0 0 0 0 0 0 0 0 0 0 0 0 0 
0 0 0 0 0 0 0 0 0 0 0 0 0 0 0 0 0 0 0 0 0 0 0 
0 0 0 0 0 0 0 0 0 0 0 0 0 0 0 0 0 0 0 0 0 0 0 
0 0 0 0 0 0 0 0 0 0 0 0 0 0 0 0 0 0 0 0 0 0 0 
0 0 0 0 0 0 0 0 0 0 0 0 0 0 0 0 0 0 0 0 0 0 0 
0 0 0 0 0 0 0 0 0 0 0 0 0 0 0 0 0 0 0 0 0 0 0 
0 0 0 0 0 0 0 0 0 0 0 0 0 0 0 0 0 0 0 0 0 0 0 
0 0 0 0 0 0 0 0 0 0 0 0 0 0 0 0 0 0 0 0 0 0 0 
0 0 0 0 0 0 0 0 0 0 0 0 0 0 0 0 0 0 0 0 0 0 0 
0 0 0 0 0 0 0 0 0 0 0 0 0 0 0 0 0 0 0 0 0 0 0 
0 0 0 0 0 0 0 0 0 0 0 0 0 0 0 0 0 0 0 0 0 0 0 
0 0 0 0 0 0 0 0 0 0 0 0 0 0 0 0 0 0 0 0 0 0 0 
0 0 0 0 0 0 0 0 0 0 0 0 0 0 0 0 0 0 0 0 0 0 0 
0 0 0 0 0 0 0 0 0 0 0 0 0 0 0 0 0 0 0 0 0 0 0 
0 0 0 0 0 0 0 0 0 0 0 0 0 0 0 0 0 0 0 0 0 0 0 
0 0 0 0 0 0 0 0 0 0 0 0 0 0 0 0 0 0 0 0 0 0 0 
inf 0 inf 0 0 0 0 0 0 0 0 0 0 0 0 0 0 0 0 0 0 0 0 
0 0 0 0 0 0 0 0 0 0 0 0 0 0 0 0 0 0 0 0 0 0 0 
0 0 0 0 0 0 0 0 0 0 0 0 0 0 0 0 0 0 0 0 0 0 0 
0 0 0 0 0 0 0 0 0 0 0 0 0 0 0 0 0 0 0 0 0 0 0 
0 0 0 0 0 0 0 0 0 0 0 0 0 0 0 0 0 0 0 0 0 0 0 
0 0 0 0 0 0 0 0 0 0 0 0 0 0 0 0 0 0 0 0 0 0 0 
0 0 0 0 0 0 0 0 0 0 0 0 0 0 0 0 0 0 0 0 0 0 0 
0 0 0 0 0 0 0 0 0 0 0 0 0 0 0 0 0 0 0 0 0 0 0 
0 0 0 0 0 0 0 0 0 0 0 0 0 0 0 0 0 0 0 0 0 0 0 
0 0 0 0 0 0 0 0 0 0 0 0 0 0 0 0 0 0 0 0 0 0 0 
0 0 0 0 0 0 0 0 0 0 0 0 0 0 0 0 0 0 0 0 0 0 0 
0 0 0 0 0 0 0 0 0 0 0 0 0 0 0 0 0 0 0 0 0 0 0 
0 0 0 0 0 0 0 0 0 0 0 0 0 0 0 0 0 0 0 0 0 0 0 
0 0 0 0 0 0 0 0 0 0 0 0 0 0 0 0 0 0 0 0 0 0 0 
0 0 0 0 0 0 0 0 0 0 0 0 0 0 0 0 0 0 0 0 0 0 0 
0 0 0 0 0 0 0 0 0 0 0 0 0 0 0 0 0 0 0 0 0 0 0 
0 0 0 0 0 0 0 0 0 0 0 0 0 0 0 0 0 0 0 0 0 0 0 
0 0 0 0 0 0 0 0 0 0 0 0 0 0 0 0 0 0 0 0 0 0 0 
0 0 0 0 0 0 0 0 0 0 0 0 0 0 0 0 0 0 0 0 0 0 0 
0 0 0 0 0 0 0 0 0 0 0 0 0 0 0 0 0 0 0 0 0 0 0 
0 0 0 0 0 0 0 0 0 0 0 0 0 0 0 0 0 0 0 0 0 0 0 
0 0 0 0 0 0 0 0 0 0 0 0 0 0 0 0 0 0 0 0 0 0 0 
0 0 0 0 0 0 0 0 0 0 0 0 0 0 0 0 0 0 0 0 0 0 0 
0 0 0 0 0 0 0 0 0 0 0 0 0 0 0 0 0 0 0 0 0 0 0 
0 0 0 0 0 0 0 0 0 0 0 0 0 0 0 0 0 0 0 0 0 0 0 
0 0 0 0 0 0 0 0 0 0 0 0 0 0 0 0 0 0 0 0 0 0 0 
0 0 0 0 0 0 0 0 0 0 0 0 0 0 0 0 0 0 0 0 0 0 0 
0 0 0 0 0 0 0 0 0 0 0 0 0 0 0 0 0 0 0 0 0 0 0 
0 0 0 0 0 0 0 0 0 0 0 0 0 0 0 0 0 0 0 0 0 0 0 
0 0 0 0 0 0 0 0 0 0 0 0 0 0 0 0 0 0 0 0 0 0 0 
0 0 0 0 0 0 0 0 0 0 0 0 0 0 0 0 0 0 0 0 0 0 0 
0 0 0 0 0 0 0 0 0 0 0 0 0 0 0 0 0 0 0 0 0 0 0 
0 0 0 0 0 0 0 0 0 0 0 0 0 0 0 0 0 0 0 0 0 0 0 
0 0 0 0 0 0 0 0 0 0 0 0 0 0 0 0 0 0 0 0 0 0 0 
0 0 0 0 0 0 0 0 0 0 0 0 0 0 0 0 0 0 0 0 0 0 0 
0 0 0 0 0 0 0 0 0 0 0 0 0 0 0 0 0 0 0 0 0 0 0 
0 0 0 0 0 0 0 0 0 0 0 0 0 0 0 0 0 0 0 0 0 0 0 
0 0 0 0 0 0 0 0 0 0 0 0 0 0 0 0 0 0 0 0 0 0 0 
0 0 0 0 0 0 0 0 0 0 0 0 0 0 0 0 0 0 0 0 0 0 0 
0 0 0 0 0 0 0 0 0 0 0 0 0 0 0 0 0 0 0 0 0 0 0 
0 0 0 0 0 0 0 0 0 0 0 0 0 0 0 0 0 0 0 0 0 0 0 
0 0 0 0 0 0 0 0 0 0 0 0 0 0 0 0 0 0 0 0 0 0 0 
0 0 0 0 0 0 0 0 0 0 0 0 0 0 0 0 0 0 0 0 0 0 0 
0 0 0 0 0 0 0 0 0 0 0 0 0 0 0 0 0 0 0 0 0 0 0 
0 0 0 0 0 0 0 0 0 0 0 0 0 0 0 0 0 0 0 0 0 0 0 
0 0 0 0 0 0 0 0 0 0 0 0 0 0 0 0 0 0 0 0 0 0 0 
0 0 0 0 0 0 0 0 0 0 0 0 0 0 0 0 0 0 0 0 0 0 0 
0 0 0 0 0 0 0 0 0 0 0 0 0 0 0 0 0 0 0 0 0 0 0 
0 0 0 0 0 0 0 0 0 0 0 0 0 0 0 0 0 0 0 0 0 0 0 
0 0 0 0 0 0 0 0 0 0 0 0 0 0 0 0 0 0 0 0 0 0 0 
0 0 0 0 0 0 0 0 0 0 0 0 0 0 0 0 0 0 0 0 0 0 0 
0 0 0 0 0 0 0 0 0 0 0 0 0 0 0 0 0 0 0 0 0 0 0 
0 0 0 0 0 0 0 0 0 0 0 0 0 0 0 0 0 0 0 0 0 0 0 
0 0 0 0 0 0 0 0 0 0 0 0 0 0 0 0 0 0 0 0 0 0 0 
0 0 0 0 0 0 0 0 0 0 0 0 0 0 0 0 0 0 0 0 0 0 0 
0 0 0 0 0 0 0 0 0 0 0 0 0 0 0 0 0 0 0 0 0 0 0 
0 0 0 0 0 0 0 0 0 0 0 0 0 0 0 0 0 0 0 0 0 0 0 
0 0 0 0 0 0 0 0 0 0 0 0 0 0 0 0 0 0 0 0 0 0 0 
0 0 0 0 0 0 0 0 0 0 0 0 0 0 0 0 0 0 0 0 0 0 0 
0 0 0 0 0 0 0 0 0 0 0 0 0 0 0 0 0 0 0 0 0 0 0 
0 0 0 0 0 0 0 0 0 0 0 0 0 0 0 0 0 0 0 0 0 0 0 
0 0 0 0 0 0 0 0 0 0 0 0 0 0 0 0 0 0 0 0 0 0 0 
0 0 0 0 0 0 0 0 0 0 0 0 0 0 0 0 0 0 0 0 0 0 0 
0 0 0 0 0 0 0 0 0 0 0 0 0 0 0 0 0 0 0 0 0 0 0 
0 0 0 0 0 0 0 0 0 0 0 0 0 0 0 0 0 0 0 0 0 0 0 
0 0 0 0 0 0 0 0 0 0 0 0 0 0 0 0 0 0 0 0 0 0 0 
0 0 0 0 0 0 0 0 0 0 0 0 0 0 0 0 0 0 0 0 0 0 0 
0 0 0 0 0 0 0 0 0 0 0 0 0 0 0 0 0 0 0 0 0 0 0 
0 0 0 0 0 0 0 0 0 0 0 0 0 0 0 0 0 0 0 0 0 0 0 
0 0 0 0 0 0 0 0 0 0 0 0 0 0 0 0 0 0 0 0 0 0 0 
0 0 0 0 0 0 0 0 0 0 0 0 0 0 0 0 0 0 0 0 0 0 0 
0 0 0 0 0 0 0 0 0 0 0 0 0 0 0 0 0 0 0 0 0 0 0 
0 0 0 0 0 0 0 0 0 0 0 0 0 0 0 0 0 0 0 0 0 0 0 
0 0 0 0 0 0 0 0 0 0 0 0 0 0 0 0 0 0 0 0 0 0 0 
0 0 0 0 0 0 0 0 0 0 0 0 0 0 0 0 0 0 0 0 0 0 0 
0 0 0 0 0 0 0 0 0 0 0 0 0 0 0 0 0 0 0 0 0 0 0 
0 0 0 0 0 0 0 0 0 0 0 0 0 0 0 0 0 0 0 0 0 0 0 
0 0 0 0 0 0 0 0 0 0 0 0 0 0 0 0 0 0 0 0 0 0 0 
0 0 0 0 0 0 0 0 0 0 0 0 0 0 0 0 0 0 0 0 0 0 0 
0 0 0 0 0 0 0 0 0 0 0 0 0 0 0 0 0 0 0 0 0 0 0 
0 0 0 0 0 0 0 0 0 0 0 0 0 0 0 0 0 0 0 0 0 0 0 
0 0 0 0 0 0 0 0 0 0 0 0 0 0 0 0 0 0 0 0 0 0 0 
0 0 0 0 0 0 0 0 0 0 0 0 0 0 0 0 0 0 0 0 0 0 0 
0 0 0 0 0 0 0 0 0 0 0 0 0 0 0 0 0 0 0 0 0 0 0 
0 0 0 0 0 0 0 0 0 0 0 0 0 0 0 0 0 0 0 0 0 0 0 
0 0 0 0 0 0 0 0 0 0 0 0 0 0 0 0 0 0 0 0 0 0 0 
0 0 0 0 0 0 0 0 0 0 0 0 0 0 0 0 0 0 0 0 0 0 0 
0 0 0 0 0 0 0 0 0 0 0 0 0 0 0 0 0 0 0 0 0 0 0 
0 0 0 0 0 0 0 0 0 0 0 0 0 0 0 0 0 0 0 0 0 0 0 
0 0 0 0 0 0 0 0 0 0 0 0 0 0 0 0 0 0 0 0 0 0 0 
0 0 0 0 0 0 0 0 0 0 0 0 0 0 0 0 0 0 0 0 0 0 0 
0 0 0 0 0 0 0 0 0 0 0 0 0 0 0 0 0 0 0 0 0 0 0 
0 0 0 0 0 0 0 0 0 0 0 0 0 0 0 0 0 0 0 0 0 0 0 
0 0 0 0 0 0 0 0 0 0 0 0 0 0 0 0 0 0 0 0 0 0 0 
0 0 0 0 0 0 0 0 0 0 0 0 0 0 0 0 0 0 0 0 0 0 0 
0 0 0 0 0 0 0 0 0 0 0 0 0 0 0 0 0 0 0 0 0 0 0 
0 0 0 0 0 0 0 0 0 0 0 0 0 0 0 0 0 0 0 0 0 0 0 
0 0 0 0 0 0 0 0 0 0 0 0 0 0 0 0 0 0 0 0 0 0 0 
0 0 0 0 0 0 0 0 0 0 0 0 0 0 0 0 0 0 0 0 0 0 0 
0 0 0 0 0 0 0 0 0 0 0 0 0 0 0 0 0 0 0 0 0 0 0 
0 0 0 0 0 0 0 0 0 0 0 0 0 0 0 0 0 0 0 0 0 0 0 
0 0 0 0 0 0 0 0 0 0 0 0 0 0 0 0 0 0 0 0 0 0 0 
0 0 0 0 0 0 0 0 0 0 0 0 0 0 0 0 0 0 0 0 0 0 0 
0 0 0 0 0 0 0 0 0 0 0 0 0 0 0 0 0 0 0 0 0 0 0 
0 0 0 0 0 0 0 0 0 0 0 0 0 0 0 0 0 0 0 0 0 0 0 
0 0 0 0 0 0 0 0 0 0 0 0 0 0 0 0 0 0 0 0 0 0 0 
0 0 0 0 0 0 0 0 0 0 0 0 0 0 0 0 0 0 0 0 0 0 0 
0 0 0 0 0 0 0 0 0 0 0 0 0 0 0 0 0 0 0 0 0 0 0 
0 0 0 0 0 0 0 0 0 0 0 0 0 0 0 0 0 0 0 0 0 0 0 
0 0 0 0 0 0 0 0 0 0 0 0 0 0 0 0 0 0 0 0 0 0 0 
0 0 0 0 0 0 0 0 0 0 0 0 0 0 0 0 0 0 0 0 0 0 0 
0 0 0 0 0 0 0 0 0 0 0 0 0 0 0 0 0 0 0 0 0 0 0 
0 0 0 0 0 0 0 0 0 0 0 0 0 0 0 0 0 0 0 0 0 0 0 
0 0 0 0 0 0 0 0 0 0 0 0 0 0 0 0 0 0 0 0 0 0 0 
0 0 0 0 0 0 0 0 0 0 0 0 0 0 0 0 0 0 0 0 0 0 0 
0 0 0 0 0 0 0 0 0 0 0 0 0 0 0 0 0 0 0 0 0 0 0 
0 0 0 0 0 0 0 0 0 0 0 0 0 0 0 0 0 0 0 0 0 0 0 
0 0 0 0 0 0 0 0 0 0 0 0 0 0 0 0 0 0 0 0 0 0 0 
0 0 0 0 0 0 0 0 0 0 0 0 0 0 0 0 0 0 0 0 0 0 0 
0 0 0 0 0 0 0 0 0 0 0 0 0 0 0 0 0 0 0 0 0 0 0 
0 0 0 0 0 0 0 0 0 0 0 0 0 0 0 0 0 0 0 0 0 0 0 
0 0 0 0 0 0 0 0 0 0 0 0 0 0 0 0 0 0 0 0 0 0 0 
0 0 0 0 0 0 0 0 0 0 0 0 0 0 0 0 0 0 0 0 0 0 0 
0 0 0 0 0 0 0 0 0 0 0 0 0 0 0 0 0 0 0 0 0 0 0 
0 0 0 0 0 0 0 0 0 0 0 0 0 0 0 0 0 0 0 0 0 0 0 
0 0 0 0 0 0 0 0 0 0 0 0 0 0 0 0 0 0 0 0 0 0 0 
0 0 0 0 0 0 0 0 0 0 0 0 0 0 0 0 0 0 0 0 0 0 0 
0 0 0 0 0 0 0 0 0 0 0 0 0 0 0 0 0 0 0 0 0 0 0 
0 0 0 0 0 0 0 0 0 0 0 0 0 0 0 0 0 0 0 0 0 0 0 
0 0 0 0 0 0 0 0 0 0 0 0 0 0 0 0 0 0 0 0 0 0 0 
0 0 0 0 0 0 0 0 0 0 0 0 0 0 0 0 0 0 0 0 0 0 0 
0 0 0 0 0 0 0 0 0 0 0 0 0 0 0 0 0 0 0 0 0 0 0 
0 0 0 0 0 0 0 0 0 0 0 0 0 0 0 0 0 0 0 0 0 0 0 
0 0 0 0 0 0 0 0 0 0 0 0 0 0 0 0 0 0 0 0 0 0 0 
0 0 0 0 0 0 0 0 0 0 0 0 0 0 0 0 0 0 0 0 0 0 0 
0 0 0 0 0 0 0 0 0 0 0 0 0 0 0 0 0 0 0 0 0 0 0 
0 0 0 0 0 0 0 0 0 0 0 0 0 0 0 0 0 0 0 0 0 0 0 
0 0 0 0 0 0 0 0 0 0 0 0 0 0 0 0 0 0 0 0 0 0 0 
0 0 0 0 0 0 0 0 0 0 0 0 0 0 0 0 0 0 0 0 0 0 0 
0 0 0 0 0 0 0 0 0 0 0 0 0 0 0 0 0 0 0 0 0 0 0 
0 0 0 0 0 0 0 0 0 0 0 0 0 0 0 0 0 0 0 0 0 0 0 
0 0 0 0 0 0 0 0 0 0 0 0 0 0 0 0 0 0 0 0 0 0 0 
0 0 0 0 0 0 0 0 0 0 0 0 0 0 0 0 0 0 0 0 0 0 0 
0 0 0 0 0 0 0 0 0 0 0 0 0 0 0 0 0 0 0 0 0 0 0 
0 0 0 0 0 0 0 0 0 0 0 0 0 0 0 0 0 0 0 0 0 0 0 
0 0 0 0 0 0 0 0 0 0 0 0 0 0 0 0 0 0 0 0 0 0 0 
0 0 0 0 0 0 0 0 0 0 0 0 0 0 0 0 0 0 0 0 0 0 0 
0 0 0 0 0 0 0 0 0 0 0 0 0 0 0 0 0 0 0 0 0 0 0 
0 0 0 0 0 0 0 0 0 0 0 0 0 0 0 0 0 0 0 0 0 0 0 
0 0 0 0 0 0 0 0 0 0 0 0 0 0 0 0 0 0 0 0 0 0 0 
0 0 0 0 0 0 0 0 0 0 0 0 0 0 0 0 0 0 0 0 0 0 0 
0 0 0 0 0 0 0 0 0 0 0 0 0 0 0 0 0 0 0 0 0 0 0 
0 0 0 0 0 0 0 0 0 0 0 0 0 0 0 0 0 0 0 0 0 0 0 
0 0 0 0 0 0 0 0 0 0 0 0 0 0 0 0 0 0 0 0 0 0 0 
0 0 0 0 0 0 0 0 0 0 0 0 0 0 0 0 0 0 0 0 0 0 0 
0 0 0 0 0 0 0 0 0 0 0 0 0 0 0 0 0 0 0 0 0 0 0 
0 0 0 0 0 0 0 0 0 0 0 0 0 0 0 0 0 0 0 0 0 0 0 
0 0 0 0 0 0 0 0 0 0 0 0 0 0 0 0 0 0 0 0 0 0 0 
0 0 0 0 0 0 0 0 0 0 0 0 0 0 0 0 0 0 0 0 0 0 0 
0 0 0 0 0 0 0 0 0 0 0 0 0 0 0 0 0 0 0 0 0 0 0 
0 0 0 0 0 0 0 0 0 0 0 0 0 0 0 0 0 0 0 0 0 0 0 
